time_seconds,FMG_channel_1,FMG_channel_2,FMG_channel_3,FMG_channel_4,FMG_channel_5,FMG_channel_6,FMG_channel_7,FMG_channel_8,CoP,vGRF,provisional_phase,label_status,signal_missing
0.00,47,129,49,95,94,102,64,242,15.92,2744.1799999999998,QS,provisional_assumed_short_to_long,0
0.01,47,131.99999999999909,49.000000000000455,95,93.999999999999545,101.99999999999955,65.000000000000909,242,15.909999999999991,2724.179999999998,QS,provisional_assumed_short_to_long,0
0.02,47,130.99999999999818,49.500000000000909,95,93.499999999999091,101.49999999999909,66.000000000001819,242,15.9,2722.1900000000001,QS,provisional_assumed_short_to_long,0
0.03,47,130,50,95,93.000000000002728,101,66.999999999997272,241.99999999999727,15.9,2722.1900000000001,QS,provisional_assumed_short_to_long,0
0.04,47,130,50,95,93.999999999992269,101,66.000000000007731,241.00000000000773,15.9,2722.2000000000003,QS,provisional_assumed_short_to_long,0
0.05,47,130,49.000000000006821,95,94,101.99999999999318,66,242.99999999998636,15.9,2722.21,QS,provisional_assumed_short_to_long,0
0.06,47,130,49.999999999994088,95,94,101.00000000000591,65.000000000005912,242.00000000000591,15.9,2722.2099999999891,QS,provisional_assumed_short_to_long,0
0.07,47,129.000000000005,50,95,94,100.000000000005,65.999999999994998,242.999999999995,15.9,2720.2199999999934,QS,provisional_assumed_short_to_long,0
0.08,47,129,50,95,93.000000000004093,100.99999999999591,65.000000000004093,242.00000000000409,15.899999999999928,2719.2199999999998,QS,provisional_assumed_short_to_long,0
0.09,47,129.99999999999682,50,95,93,101,65,242.99999999999682,15.890000000000033,2719.23,QS,provisional_assumed_short_to_long,0
0.10,47,130,49.000000000002274,95,93,101,65,243,15.880000000000024,2702.2400000000384,QS,provisional_assumed_short_to_long,0
0.11,47,130,49.999999999998636,95,92.000000000001364,101.99999999999864,64.000000000001364,243,15.875000000000007,2705.2549999999956,QS,provisional_assumed_short_to_long,0
0.12,47,130,49.000000000000455,94.000000000000455,92,100.00000000000091,64.999999999999545,243,15.870000000000001,2708.2699999999986,QS,provisional_assumed_short_to_long,0
0.13,47,129.99999999999955,50,94,90.999999999999091,100.00000000000045,64,243.99999999999955,15.869999999999994,2709.2800000000002,QS,provisional_assumed_short_to_long,0
0.14,47,129.00000000000068,50,94,88.999999999995907,101,64,243.00000000000068,15.859999999999999,2709.2899999999986,QS,provisional_assumed_short_to_long,0
0.15,47,129.50000000000114,50,94,85.999999999993179,101,64,243.50000000000114,15.859999999999999,2708.300000000007,QS,provisional_assumed_short_to_long,0
0.16,47,129.99999999999682,50,93.999999999996817,82.999999999996817,100.99999999999682,63.999999999996817,243.99999999999682,15.859999999999967,2711.3000000000065,QS,provisional_assumed_short_to_long,0
0.17,47,129.00000000000728,50,93.000000000007276,82.000000000007276,100.00000000000728,63.000000000007276,243.00000000000728,15.85,2713.2999999999961,QS,provisional_assumed_short_to_long,0
0.18,47,129.99999999999363,49.000000000006366,93.999999999993634,81.000000000006366,100.99999999999363,63.999999999993634,243.99999999999363,15.85,2712.3049999999953,QS,provisional_assumed_short_to_long,0
0.19,47,130,49.999999999994543,92.000000000010914,80.000000000005457,100.00000000000546,63.000000000005457,244.99999999999454,15.850000000000058,2711.3100000000591,QS,provisional_assumed_short_to_long,0
0.20,47,129.00000000000455,50,92,71.000000000040913,100,63.999999999995453,244.00000000000455,15.859999999999932,2721.3100000000341,QS,provisional_assumed_short_to_long,0
0.21,47,129,50,92.999999999996362,69.000000000007276,99.000000000003638,64,244,15.85,2726.3099999999999,QS,provisional_assumed_short_to_long,0
0.22,47,129.99999999999727,49.000000000002728,93,69,100.99999999999454,64.999999999997272,244,15.85,2726.3200000000002,QS,provisional_assumed_short_to_long,0
0.23,47,130,49.999999999998181,93,69,98.000000000005457,64.000000000001819,244.99999999999818,15.85,2726.3200000000002,QS,provisional_assumed_short_to_long,0
0.24,47,129.00000000000091,50,93,69,98,64.999999999999091,244.00000000000091,15.85,2727.3199999999993,QS,provisional_assumed_short_to_long,0
0.25,47,130,50,93,69,99,65,245,15.85,2726.8200000000002,QS,provisional_assumed_short_to_long,0
0.26,47,130.00000000000091,49.999999999999091,92.000000000000909,70,99.999999999999091,65.999999999999091,245,15.85,2726.3200000000029,QS,provisional_assumed_short_to_long,0
0.27,47,130.99999999999818,49.000000000001819,93,70,99,65.000000000001819,245,15.85,2729.3199999999965,QS,provisional_assumed_short_to_long,0
0.28,47,130.00000000000273,49.999999999997272,92.999999999997272,70,99.000000000002728,65.999999999997272,245.00000000000273,15.85,2727.3200000000247,QS,provisional_assumed_short_to_long,0
0.29,47,130.99999999999227,49.000000000007731,92.000000000007731,70,99.999999999992269,65.000000000007731,245.99999999999227,15.85,2736.3200000000147,QS,provisional_assumed_short_to_long,0
0.30,47,131.99999999999318,50.999999999986358,92,70,98.000000000013642,65.999999999993179,246,15.85,2740.3300000000045,QS,provisional_assumed_short_to_long,0
0.31,47,132,50.000000000005912,92.999999999994088,70,98.999999999994088,66,245.00000000000591,15.85,2741.3300000000054,QS,provisional_assumed_short_to_long,0
0.32,47,130.00000000001,50,92.000000000005002,70,99,65.000000000005002,245,15.85,2742.3299999999936,QS,provisional_assumed_short_to_long,0
0.33,46.000000000004093,130.99999999999591,50,92.999999999995907,70,99,65,245.99999999999591,15.85,2741.3299999999999,QS,provisional_assumed_short_to_long,0
0.34,46.999999999996817,131,49.000000000003183,93,70,99,65,246,15.85,2741.3299999999999,QS,provisional_assumed_short_to_long,0
0.35,47,131,49.999999999997726,93,75.999999999986372,99,65,246,15.85,2741.3299999999999,QS,provisional_assumed_short_to_long,0
0.36,47,131.99999999999864,49.000000000001364,93,76.999999999998636,98.000000000001364,65,246,15.859999999999985,2741.3299999999999,QS,provisional_assumed_short_to_long,0
0.37,47,131.00000000000045,49,93,77.999999999999545,98.999999999999545,64.000000000000455,246,15.850000000000005,2738.3300000000013,QS,provisional_assumed_short_to_long,0
0.38,47,131,49.999999999999545,93,75.999999999999545,98,63.999999999998181,245,15.855000000000002,2740.3250000000007,QS,provisional_assumed_short_to_long,0
0.39,47,130.99999999999864,49.000000000001364,93,75,98,60,245,15.860000000000014,2742.3200000000015,QS,provisional_assumed_short_to_long,0
0.40,47,130.00000000000227,49.999999999997726,93,75.000000000002274,98,60,244.99999999999773,15.869999999999999,2743.3099999999999,QS,provisional_assumed_short_to_long,0
0.41,47,130.99999999999682,49.000000000003183,93,76,98,60,243.99999999999682,15.869999999999999,2743.3099999999999,QS,provisional_assumed_short_to_long,0
0.42,47,130.00000000000728,49.999999999992724,93,76,98,60,243.00000000000728,15.869999999999999,2743.3099999999999,QS,provisional_assumed_short_to_long,0
0.43,47,130.99999999999363,50,92.000000000006366,76,97.000000000006366,60,244.99999999998727,15.869999999999999,2743.3200000000002,QS,provisional_assumed_short_to_long,0
0.44,47,131.99999999999454,49.000000000005457,92.999999999994543,76,97,60,244.00000000000546,15.869999999999999,2743.3200000000002,QS,provisional_assumed_short_to_long,0
0.45,47,131.50000000000227,49.499999999997726,93,76.499999999997726,97.999999999995453,59.000000000004547,244,15.869999999999999,2743.3200000000002,QS,provisional_assumed_short_to_long,0
0.46,47,131.00000000000182,49.999999999998181,93,76.999999999998181,98.999999999996362,58.000000000003638,244,15.869999999999999,2743.3200000000079,QS,provisional_assumed_short_to_long,0
0.47,47,131.99999999999727,50,92.000000000002728,76.000000000002728,99,58.999999999997272,244,15.869999999999999,2744.3199999999974,QS,provisional_assumed_short_to_long,0
0.48,47,130.00000000000364,50,92.999999999998181,74.000000000003638,99.999999999998181,58.000000000001819,244,15.860000000000017,2739.3200000000093,QS,provisional_assumed_short_to_long,0
0.49,47,131.99999999999818,49.000000000000909,93.999999999999091,69.000000000004547,100,57.000000000000909,243.00000000000091,15.850000000000009,2724.3200000000138,QS,provisional_assumed_short_to_long,0
0.50,46,132,50,93,69,98,57,243,15.85,2725.3200000000002,QS,provisional_assumed_short_to_long,0
0.51,47,130.99999999999909,50,93.999999999999091,69,99.000000000000909,57.000000000000909,242.00000000000091,15.85,2724.3200000000002,QS,provisional_assumed_short_to_long,0
0.52,47,130,50,93,69,99.999999999994543,57.999999999994536,243.00000000000182,15.85,2724.3200000000002,QS,provisional_assumed_short_to_long,0
0.53,47,129.99999999999727,49.999999999997272,93,68.999999999997272,97.000000000002728,54.999999999994536,243.99999999999454,15.85,2724.3200000000056,QS,provisional_assumed_short_to_long,0
0.54,47,129.00000000000773,49.000000000007731,93,68.000000000007731,97.999999999992269,53.000000000015454,242.00000000001546,15.85,2726.3199999999892,QS,provisional_assumed_short_to_long,0
0.55,46.000000000006814,128.00000000000682,49.999999999993186,93,67.000000000006821,98,53,243.99999999998636,15.85,2723.3200000000047,QS,provisional_assumed_short_to_long,0
0.56,46.999999999994095,128,50,93,66.000000000005912,98,53.999999999994095,243.00000000000591,15.85,2724.3199999999947,QS,provisional_assumed_short_to_long,0
0.57,47,128,50,93,66,98,57.99999999998002,243,15.850000000000096,2723.3199999999397,QS,provisional_assumed_short_to_long,0
0.58,47,127.00000000000409,50,92.000000000004093,66,97.500000000002046,57.500000000002046,243.49999999999795,15.865000000000023,2713.8199999999852,QS,provisional_assumed_short_to_long,0
0.59,47,126.00000000000318,50,91.000000000003183,66,97.000000000001592,57.000000000001592,243.99999999999841,15.879999999999953,2704.3200000000306,QS,provisional_assumed_short_to_long,0
0.60,47,126,50,91.999999999997726,65.000000000002274,97,57.999999999997726,242.00000000000455,15.860000000000046,2730.319999999941,QS,provisional_assumed_short_to_long,0
0.61,47,126,50,92,65,97.999999999998636,57.000000000001364,242.99999999999864,15.859999999999999,2729.3200000000015,QS,provisional_assumed_short_to_long,0
0.62,47,126,50,92,65,97.000000000000455,57,242.00000000000045,15.859999999999999,2731.3199999999993,QS,provisional_assumed_short_to_long,0
0.63,46.999999999999545,126.99999999999909,50,91.000000000000455,65,97,52.000000000000455,242.99999999999955,15.859999999999999,2730.3200000000002,QS,provisional_assumed_short_to_long,0
0.64,46,125.00000000000136,49.999999999998636,91.999999999998636,65,97.000000000001364,52.999999999998636,242,15.859999999999992,2730.3200000000015,QS,provisional_assumed_short_to_long,0
0.65,46,125.99999999999773,49,91,64.999999999998863,97.999999999996589,52,242,15.854999999999988,2731.3250000000025,QS,provisional_assumed_short_to_long,0
0.66,46,125.0000000000025,49,91,64.500000000001251,96.500000000003752,52,242,15.85,2732.3300000000063,QS,provisional_assumed_short_to_long,0
0.67,46,124.00000000000728,49,91,64.000000000003638,95.000000000010914,52,242,15.85,2734.3200000000002,QS,provisional_assumed_short_to_long,0
0.68,46,124,49.999999999993641,91,64,95,52,242,15.850000000000049,2734.3300000000349,QS,provisional_assumed_short_to_long,0
0.69,46.99999999999455,124.99999999999454,50,91,64.999999999994543,95.999999999994543,51.00000000000545,242,15.859999999999999,2741.3300000000118,QS,provisional_assumed_short_to_long,0
0.70,47,124.50000000000227,49.500000000002274,91,64.000000000004547,95.500000000002274,50.500000000002274,242,15.859999999999999,2743.3299999999963,QS,provisional_assumed_short_to_long,0
0.71,47,124.00000000000182,49.000000000001819,91,63.000000000003638,95.000000000001819,50.000000000001819,242,15.859999999999999,2742.829999999999,QS,provisional_assumed_short_to_long,0
0.72,47,124.99999999999727,49.999999999997272,91,62.000000000002728,95,50,241.00000000000273,15.859999999999999,2742.3300000000013,QS,provisional_assumed_short_to_long,0
0.73,47,123.00000000000364,49.000000000001819,90.000000000001819,62.999999999998181,93.000000000003638,50,241.99999999999818,15.859999999999999,2743.3299999999981,QS,provisional_assumed_short_to_long,0
0.74,47,123,49.999999999999091,90,61.000000000001819,93.999999999999091,55.999999999994536,242,15.859999999999999,2741.3300000000017,QS,provisional_assumed_short_to_long,0
0.75,47,123,50,90,61,93,56,242,15.859999999999999,2744.3299999999999,QS,provisional_assumed_short_to_long,0
0.76,46,122.99999999999909,50,90,61.999999999999091,94.000000000000909,55.999999999999091,242,15.859999999999999,2741.3300000000008,QS,provisional_assumed_short_to_long,0
0.77,46,122.00000000000091,49.999999999999091,90,60.999999999999091,95,55.000000000000909,242,15.859999999999999,2742.3299999999999,QS,provisional_assumed_short_to_long,0
0.78,46,122.49999999999852,49.500000000001478,90,60.500000000001478,95,55.499999999998522,242,15.859999999999999,2742.3299999999999,QS,provisional_assumed_short_to_long,0
0.79,46,122.99999999999613,49.000000000003865,90,60.000000000003865,95,55.999999999996135,242,15.859999999999962,2742.3300000000036,QS,provisional_assumed_short_to_long,0
0.80,46,123,50.999999999986365,89.000000000006821,60.999999999993186,95,55.000000000006814,242.99999999999318,15.850000000000046,2743.3400000000047,QS,provisional_assumed_short_to_long,0
0.81,46,121.00000000001181,50.000000000005905,89.999999999994088,61,94.000000000005912,55.999999999994095,242.00000000000591,15.859999999999944,2744.3400000000001,QS,provisional_assumed_short_to_long,0
0.82,46,122.99999999999001,49.000000000004995,90,60.000000000004995,95.99999999999001,56,242,15.85,2744.3400000000065,QS,provisional_assumed_short_to_long,0
0.83,46.499999999997954,123.49999999999795,49,89.500000000002046,60,95.000000000004093,56,242,15.85,2745.3400000000001,QS,provisional_assumed_short_to_long,0
0.84,46.999999999998408,123.99999999999841,49,89.000000000001592,60,94.000000000003183,56,242,15.85,2745.3400000000001,QS,provisional_assumed_short_to_long,0
0.85,46.000000000002274,123.00000000000227,49,89.999999999997726,60,94,56,242,15.864999999999966,2743.3050000000048,QS,provisional_assumed_short_to_long,0
0.86,46,122.00000000000136,49.999999999998636,90,60,94,56,241.00000000000136,15.879999999999979,2741.2700000000027,QS,provisional_assumed_short_to_long,0
0.87,46,124.99999999999864,50,90,60,94,55.000000000000455,241,15.899999999999991,2743.2199999999989,QS,provisional_assumed_short_to_long,0
0.88,47,123.99999999999955,49.000000000000455,90,60,93.000000000000455,56,241.00000000000045,15.900000000000006,2744.21,QS,provisional_assumed_short_to_long,0
0.89,47,123.00000000000136,50,90,60,93.999999999998636,56,242,15.91,2744.1999999999971,QS,provisional_assumed_short_to_long,0
0.90,47,124.00000000000114,49.999999999998863,90,60,93.000000000001137,56,242.00000000000114,15.91,2742.2000000000021,QS,provisional_assumed_short_to_long,0
0.91,47,124.49999999999875,49.500000000001251,90,60,93.499999999998749,56,242.49999999999875,15.91,2743.200000000003,QS,provisional_assumed_short_to_long,0
0.92,47,124.99999999999636,49.000000000003638,90,60,93.999999999996362,56,242.99999999999636,15.91,2744.2000000000039,QS,provisional_assumed_short_to_long,0
0.93,47,125,49.999999999993641,90,60,94.999999999993634,55.000000000006359,242.00000000000637,15.90999999999995,2745.2000000000048,QS,provisional_assumed_short_to_long,0
0.94,47,124.00000000000546,50,90,60,95,55.99999999999455,242.99999999999454,15.900000000000059,2746.199999999988,QS,provisional_assumed_short_to_long,0
0.95,47,124,50.99999999999546,90,60,95,56,242.00000000000455,15.909999999999796,2744.1999999998566,QS,provisional_assumed_short_to_long,0
0.96,47,124,50.500000000001819,90,60,95,55.500000000001819,242,15.879999999999924,2723.2199999999921,QS,provisional_assumed_short_to_long,0
0.97,47,124,50.000000000001364,90,60,95,55.000000000001364,242,15.870000000000026,2722.2400000000025,QS,provisional_assumed_short_to_long,0
0.98,46.000000000001819,124,50,90,59.000000000001819,94.000000000001819,55,242.99999999999818,15.865000000000009,2721.7500000000009,QS,provisional_assumed_short_to_long,0
0.99,46,123.00000000000091,49.000000000000909,90,59,94,55.999999999999091,242.00000000000091,15.860000000000005,2721.2600000000007,QS,provisional_assumed_short_to_long,0
1.00,46,123,50,90,60,95,54,242,15.859999999999999,2721.27,QS,provisional_assumed_short_to_long,0
1.01,45.999999999999091,122.99999999999545,50,90,60,93.999999999999091,55.999999999999091,242.99999999999909,15.86999999999999,2720.2700000000009,QS,provisional_assumed_short_to_long,0
1.02,45.000000000000909,118,50.000000000000909,89.999999999999091,60,93.000000000000909,55,242,15.859999999999999,2721.27,QS,provisional_assumed_short_to_long,0
1.03,45.499999999998522,118,50.499999999998522,89.500000000001478,60,93.499999999998522,55,242,15.859999999999999,2721.2699999999918,QS,provisional_assumed_short_to_long,0
1.04,45.999999999996135,118,50.999999999996135,89.000000000003865,60,93.999999999996135,55,242,15.859999999999999,2718.2699999999891,QS,provisional_assumed_short_to_long,0
1.05,46,117.00000000000682,50.000000000006814,89,60,94.999999999993179,54.000000000006814,242,15.859999999999863,2715.2699999999772,QS,provisional_assumed_short_to_long,0
1.06,46,115.00000000001181,50,89.999999999994088,60,93.000000000011809,54.999999999994095,242,15.830000000000055,2710.3099999999945,QS,provisional_assumed_short_to_long,0
1.07,46,114.000000000005,50,89.000000000005002,60,93.999999999994998,55,240.00000000001,15.839999999999936,2709.3099999999936,QS,provisional_assumed_short_to_long,0
1.08,46,115.99999999999183,50,89,60,94.999999999995907,55,240.99999999999591,15.83,2708.3300000000145,QS,provisional_assumed_short_to_long,0
1.09,46,116,49.500000000001585,89.499999999998408,60,95.499999999998408,55.499999999998415,241,15.83,2710.3399999999938,QS,provisional_assumed_short_to_long,0
1.10,46,116,49.00000000000113,89.999999999998863,60,95.999999999998863,55.99999999999887,241,15.83,2710.3400000000001,QS,provisional_assumed_short_to_long,0
1.11,46,116.99999999999865,49.999999999998643,90,59.000000000001357,95.00000000000135,55.000000000001357,240.00000000000136,15.83,2709.8450000000007,QS,provisional_assumed_short_to_long,0
1.12,44.000000000000888,116.00000000000044,50,89.000000000000441,59.999999999999559,94.000000000000441,53.000000000000888,240,15.83,2709.3499999999999,QS,provisional_assumed_short_to_long,0
1.13,43.000000000000469,113.00000000000047,49.000000000000469,89,60,91.999999999998138,47,240,15.83,2710.349999999999,QS,provisional_assumed_short_to_long,0
1.14,44,113.99999999999724,50,88.999999999998622,59.999999999998622,88.000000000001378,46.999999999998622,240,15.83,2708.3400000000015,QS,provisional_assumed_short_to_long,0
1.15,44,112.00000000000915,50,88,59.000000000002288,88.999999999997712,46,240.00000000000227,15.83,2709.3499999999999,QS,provisional_assumed_short_to_long,0
1.16,44,115.99999999999683,50,88,60,87.999999999998408,46,241,15.83,2709.3499999999935,QS,provisional_assumed_short_to_long,0
1.17,44,115.00000000000159,50,88,60,87.500000000000796,46,241,15.83,2707.3500000000408,QS,provisional_assumed_short_to_long,0
1.18,44,114.00000000000637,50,88,60,87.000000000003183,46,241,15.83,2717.3500000000049,QS,provisional_assumed_short_to_long,0
1.19,44,114,50,88,59.000000000005464,87,45.000000000005464,241.99999999999454,15.83,2718.3500000000058,QS,provisional_assumed_short_to_long,0
1.20,44,114.99999999999545,50,88,59,87,45.999999999995445,241.00000000000455,15.83,2719.3499999999999,QS,provisional_assumed_short_to_long,0
1.21,44,114.00000000000364,50.999999999996362,88,59,87,45.000000000003638,240.00000000000364,15.830000000000076,2719.3499999999844,QS,provisional_assumed_short_to_long,0
1.22,44,114.49999999999864,50.500000000001364,88,59.499999999998636,86.500000000001364,44.500000000001364,240,15.839999999999973,2717.3500000000054,QS,provisional_assumed_short_to_long,0
1.23,44,114.99999999999909,50.000000000000909,88,59.999999999999091,86.000000000000909,44.000000000000909,240,15.84,2717.3499999999999,QS,provisional_assumed_short_to_long,0
1.24,44,111.00000000000364,50,87.000000000000909,59.000000000000909,86.999999999999091,44,240,15.84,2718.349999999999,QS,provisional_assumed_short_to_long,0
1.25,44,112,50,87,60,87,44,239,15.835000000000001,2719.3499999999999,QS,provisional_assumed_short_to_long,0
1.26,44,109.99999999999909,50.000000000000909,86,59,86,44,239,15.830000000000009,2720.3499999999999,QS,provisional_assumed_short_to_long,0
1.27,44,109.00000000000182,51,86,59,86,44,239,15.840000000000055,2720.3499999999617,QS,provisional_assumed_short_to_long,0
1.28,44,110.00000000000273,50.999999999994536,85.999999999997272,59,85.999999999997272,44,238.99999999999727,15.869999999999918,2699.3500000000736,QS,provisional_assumed_short_to_long,0
1.29,44,110.99999999999227,49.000000000015454,85.000000000007731,59,85.000000000007731,44,238.00000000000773,15.840000000000037,2726.3500000000108,QS,provisional_assumed_short_to_long,0
1.30,44,109.00000000001363,50.999999999986365,85,59,85.999999999993179,44,238.99999999999318,15.85,2729.3499999999999,QS,provisional_assumed_short_to_long,0
1.31,44,110.99999999998819,50.000000000005905,84.000000000005912,59,90.99999999997047,43.000000000005905,239,15.85,2729.3499999999999,QS,provisional_assumed_short_to_long,0
1.32,44,110.000000000005,50,82.00000000000999,59,86.000000000024983,42.000000000004995,239.999999999995,15.85,2729.3499999999999,QS,provisional_assumed_short_to_long,0
1.33,44,108.00000000000817,50.999999999995914,76.000000000024514,59,89.999999999983658,42,239.00000000000409,15.85,2729.3499999999854,QS,provisional_assumed_short_to_long,0
1.34,44,108.99999999999683,50.000000000003176,72.000000000012705,59,90,42,239,15.85,2727.3400000000065,QS,provisional_assumed_short_to_long,0
1.35,44,109,50,72,59,92.999999999993207,42,237.00000000000452,15.88999999999991,2709.3400000000411,QS,provisional_assumed_short_to_long,0
1.36,44,108.00000000000135,50,72,59,93,42,235.0000000000027,15.890000000000001,2709.3400000000001,QS,provisional_assumed_short_to_long,0
1.37,44,108,50,72,59,90.000000000001336,42,236.99999999999912,15.899999999999995,2707.3200000000011,QS,provisional_assumed_short_to_long,0
1.38,44,108.99999999999906,50,72,59,88.999999999999531,42,237.00000000000045,15.91,2710.3199999999993,QS,provisional_assumed_short_to_long,0
1.39,44,107.00000000000276,50,72.000000000002757,59,88.000000000006878,42,238,15.91,2708.8199999999979,QS,provisional_assumed_short_to_long,0
1.40,44,109,50.000000000002288,74.000000000022865,59,92.999999999995424,42,238.00000000000227,15.910000000000023,2707.3200000000002,QS,provisional_assumed_short_to_long,0
1.41,44,109.00000000000317,50.999999999993648,84.000000000006352,59.000000000003176,90.999999999993648,42,239,15.92,2707.3099999999936,QS,provisional_assumed_short_to_long,0
1.42,44,109.99999999999272,49.000000000014566,85.999999999985434,59.999999999992717,89.000000000014566,42,239,15.920000000000041,2705.3000000000002,QS,provisional_assumed_short_to_long,0
1.43,44,110,49.999999999993626,87.999999999987253,60,89,42,236.00000000001913,15.930000000000099,2705.2800000000052,QS,provisional_assumed_short_to_long,0
1.44,44,110,50,88.999999999994543,61.999999999989072,89.999999999994543,42,236,15.949999999999999,2706.2599999999943,QS,provisional_assumed_short_to_long,0
1.45,44,110.99999999999545,49.000000000004555,89.999999999995453,64.999999999986343,97.999999999963592,42,236.99999999999545,15.950000000000067,2705.2500000000032,QS,provisional_assumed_short_to_long,0
1.46,44,111,49.999999999996362,90.999999999996362,74.999999999963592,98,42,235.00000000000728,15.96000000000002,2705.7450000000008,QS,provisional_assumed_short_to_long,0
1.47,44,111.99999999999727,50,91,77.9999999999918,91.000000000019114,42,235,15.969999999999974,2706.2399999999984,QS,provisional_assumed_short_to_long,0
1.48,44,110.00000000000364,50,91,78.999999999998181,91,42,234.00000000000182,15.970000000000001,2705.2300000000018,QS,provisional_assumed_short_to_long,0
1.49,44,110,50,91,81.999999999997272,91,42.999999999999091,234,15.979999999999992,2704.2200000000007,QS,provisional_assumed_short_to_long,0
1.50,44,110,49,91,84,92,41,233,15.970000000000001,2688.21,QS,provisional_assumed_short_to_long,0
1.51,43,109,50,91.999999999999091,84,92.000000000001819,41.000000000000909,232.99999999999818,15.98,2681.1900000000001,QS,provisional_assumed_short_to_long,0
1.52,43.000000000001819,108.99999999999636,50,91,83.999999999998181,93.999999999998181,41.999999999998181,231,15.98,2681.1900000000001,QS,provisional_assumed_short_to_long,0
1.53,44,107.00000000000546,49.999999999997272,91,83,93.000000000002728,40.999999999997272,231,15.980000000000027,2681.1900000000028,QS,provisional_assumed_short_to_long,0
1.54,44,108.99999999998454,49.000000000007731,91,83,93.999999999992269,40.000000000007731,231,15.99,2682.1799999999926,QS,provisional_assumed_short_to_long,0
1.55,44,109,49.999999999993186,91,83.999999999993179,95.999999999986372,40.999999999993186,231.99999999999318,15.99,2680.1800000000044,QS,provisional_assumed_short_to_long,0
1.56,44,107.00000000001181,50,91,80.000000000023618,93.000000000017721,41,231.00000000000591,15.990000000000055,2681.1799999999889,QS,provisional_assumed_short_to_long,0
1.57,44,105.00000000000999,49.000000000004995,91,80.999999999994998,93,40.000000000004995,230.000000000005,16,2679.1699999999937,QS,provisional_assumed_short_to_long,0
1.58,44,107.99999999998775,49,91,68.00000000005312,92.000000000004093,39.000000000004086,230,16,2678.1700000000001,QS,provisional_assumed_short_to_long,0
1.59,43.000000000003176,108,49.999999999996824,90.000000000003169,67.000000000003169,90.000000000006352,39.999999999996824,230,16,2678.1700000000001,QS,provisional_assumed_short_to_long,0
1.60,43.999999999997733,107.00000000000226,50,90,67,91.999999999995467,40,230,16,2678.1700000000001,QS,provisional_assumed_short_to_long,0
1.61,44,107,49.000000000001357,90,65.000000000002714,91.00000000000135,39.000000000001357,230.99999999999864,16,2679.1599999999985,QS,provisional_assumed_short_to_long,0
1.62,44,108.99999999999912,49.999999999999559,89.000000000000441,63.000000000000888,89.000000000000881,39.999999999999559,230.00000000000045,16.009999999999998,2681.1599999999989,QS,provisional_assumed_short_to_long,0
1.63,44,107,49.000000000000469,89,60.000000000000469,87.999999999999531,40,228.99999999999955,16.010000000000002,2684.1500000000015,QS,provisional_assumed_short_to_long,0
1.64,44,107,50,89,61.000000000001378,86.999999999998622,40,228,16.010000000000002,2687.1499999999987,QS,provisional_assumed_short_to_long,0
1.65,44,107.00000000000229,50,89,62,86.000000000009152,40,228.00000000000227,16.010000000000002,2686.1499999999978,QS,provisional_assumed_short_to_long,0
1.66,44,108,49.999999999996803,89,62,90.000000000003197,40.000000000003197,229.00000000000318,16.010000000000002,2685.1500000000065,QS,provisional_assumed_short_to_long,0
1.67,44,108,49.000000000007283,89,62,90.999999999992724,40.999999999992717,229.99999999999272,16.010000000000044,2687.1500000000001,QS,provisional_assumed_short_to_long,0
1.68,44,108,49,89,62,91.999999999993634,40.000000000006374,230,16.01999999999995,2687.1400000000049,QS,provisional_assumed_short_to_long,0
1.69,44,106.00000000001093,49,89,63.999999999989072,88.000000000021856,39.000000000005464,229.00000000000546,16.010000000000062,2688.1500000000415,QS,provisional_assumed_short_to_long,0
1.70,43.000000000004555,106.99999999999545,49,89,64.999999999995453,89.999999999990891,39.999999999995445,229.99999999999545,16.02,2695.1500000000069,QS,provisional_assumed_short_to_long,0
1.71,43.999999999996362,106.00000000000364,49,89,65.999999999996362,93.999999999985434,40,230,16.02,2696.1500000000037,QS,provisional_assumed_short_to_long,0
1.72,44,106.99999999999727,49,89,65.000000000002728,94.999999999997272,39.000000000002728,230,16.02,2696.6500000000015,QS,provisional_assumed_short_to_long,0
1.73,44,107,49.999999999998181,89.999999999998181,65,94.000000000001819,39.999999999998181,230.99999999999818,16.02,2697.1499999999992,QS,provisional_assumed_short_to_long,0
1.74,44,107.99999999999909,50,90,65.999999999999091,95.999999999998181,40.999999999999091,230.00000000000091,16.02,2696.150000000001,QS,provisional_assumed_short_to_long,0
1.75,44,108,49,91,67,97,40,230,16.02,2697.1500000000001,QS,provisional_assumed_short_to_long,0
1.76,43.999999999999091,108,50,91.000000000000909,81.000000000002728,94.999999999998181,40.999999999999091,228.00000000000182,16.02,2696.1500000000001,QS,provisional_assumed_short_to_long,0
1.77,43,107.99999999999818,50,92,84.000000000005457,93.000000000005457,40.000000000001819,230,16.02,2696.1500000000037,QS,provisional_assumed_short_to_long,0
1.78,43.000000000002728,107.00000000000273,50,92.000000000002728,87.000000000002728,95.999999999997272,40.999999999997272,230,16.02,2698.149999999996,QS,provisional_assumed_short_to_long,0
1.79,43.999999999992269,107.99999999999227,50,92.999999999992269,87.999999999992269,95.000000000007731,40.000000000007731,230,16.02,2696.6499999999946,QS,provisional_assumed_short_to_long,0
1.80,44,108,50,93.999999999993179,88.999999999993179,95,40.999999999993186,229.00000000000682,16.02,2695.1500000000046,QS,provisional_assumed_short_to_long,0
1.81,44,108.99999999999409,50,94,91.999999999982279,95.999999999994088,41,229.99999999999409,16.020000000000053,2696.1500000000055,QS,provisional_assumed_short_to_long,0
1.82,44,108.000000000005,50,94.999999999994998,95.99999999998002,96.999999999994998,41,229.000000000005,16.030000000000001,2697.1399999999871,QS,provisional_assumed_short_to_long,0
1.83,44,108.99999999999591,50,95,97.999999999991829,97,41,227.00000000000819,16.030000000000001,2695.1400000000071,QS,provisional_assumed_short_to_long,0
1.84,44,109,50,96.999999999993648,99.999999999993648,96.000000000003169,40.000000000003176,227.99999999999682,16.030000000000001,2696.1399999999967,QS,provisional_assumed_short_to_long,0
1.85,44,109,49.000000000002267,97,100.99999999999774,96.99999999999774,41.999999999995467,225.00000000000679,16.030000000000001,2695.6350000000011,QS,provisional_assumed_short_to_long,0
1.86,43.000000000001357,109,49,96.00000000000135,101,96.00000000000135,41.000000000001357,225,16.030000000000001,2695.130000000001,QS,provisional_assumed_short_to_long,0
1.87,43.999999999999559,109,49,96.999999999999559,101,96,41,225,16.04999999999999,2695.0999999999999,QS,provisional_assumed_short_to_long,0
1.88,44,108.99999999999953,49.999999999999531,97.000000000000469,101.00000000000047,93.000000000001862,40.999999999999531,226,16.080000000000009,2695.0100000000007,QS,provisional_assumed_short_to_long,0
1.89,44,108,49.000000000002757,98,102,96.999999999998622,39.999999999998622,226,16.100000000000001,2695.9899999999984,QS,provisional_assumed_short_to_long,0
1.90,43.999999999997712,108.00000000000229,50.999999999997712,98,102,96.000000000002288,39,225.99999999999773,16.100000000000001,2694.9800000000046,QS,provisional_assumed_short_to_long,0
1.91,43.000000000003197,108.9999999999968,49.999999999996803,98.000000000003197,102,97,39,225,16.100000000000001,2696.9800000000018,QS,provisional_assumed_short_to_long,0
1.92,43.999999999992717,108.00000000000728,49.000000000007283,98.999999999992724,102,97,39,225,16.100000000000001,2697.4800000000018,QS,provisional_assumed_short_to_long,0
1.93,44,108.99999999999363,49.999999999993626,99,102,96.000000000006366,39,225.99999999999363,16.100000000000051,2697.97999999998,QS,provisional_assumed_short_to_long,0
1.94,44,109,49.000000000005464,99,102.99999999999454,94.000000000010928,39,226.99999999999454,16.109999999999999,2693.9699999999998,QS,provisional_assumed_short_to_long,0
1.95,44,108.00000000000455,49,99,102.00000000000455,94.999999999995453,39.999999999995445,227,16.109999999999999,2693.9699999999862,QS,provisional_assumed_short_to_long,0
1.96,44,108,49.999999999996362,99,102.99999999999636,95.999999999996362,38.000000000007283,227,16.109999999999847,2691.9599999998609,QS,provisional_assumed_short_to_long,0
1.97,44,108,49.000000000002728,99,103.99999999999727,96,38.999999999997272,227.99999999999727,16.090000000000053,2673.9800000000491,QS,provisional_assumed_short_to_long,0
1.98,43.000000000001819,108,49,99.999999999998181,102.00000000000364,95.000000000001819,39,226.00000000000364,16.080000000000016,2672.9900000000016,QS,provisional_assumed_short_to_long,0
1.99,43.999999999999091,108,49,100,102.99999999999909,95,39,226.99999999999909,16.084999999999994,2662.995000000009,QS,provisional_assumed_short_to_long,0
2.00,43,109,50,100,104,97,39,228,16.09,2653,QS,provisional_assumed_short_to_long,0
2.01,44,108.99999999999906,50,100,105.00000000000094,97.999999999998138,38.000000000001869,227.00000000000188,16.07,2673,QS,provisional_assumed_short_to_long,0
2.02,44,108,50,100.00000000000182,106,95.999999999996362,40,229,16.070000000000018,2672.9999999999945,QS,provisional_assumed_short_to_long,0
2.03,44,108.00000000000276,50,101.00000000000276,106.00000000000276,94.0000000000055,40.00000000000275,228.99999999999724,16.079999999999998,2670.0099999999975,QS,provisional_assumed_short_to_long,0
2.04,44,108.99999999999227,50,101.99999999999227,106.99999999999227,95.999999999984539,40.999999999992269,228.00000000000773,16.079999999999998,2669.0100000000039,QS,provisional_assumed_short_to_long,0
2.05,44,109.99999999999316,49.000000000006835,106.99999999996581,107,95.000000000006835,41,228,16.079999999999977,2670.0099999999752,QS,provisional_assumed_short_to_long,0
2.06,43.000000000005905,110,50.999999999988191,108.99999999998819,107.99999999999409,95.999999999994088,41,229.99999999998818,16.074999999999971,2664.5099999999702,QS,provisional_assumed_short_to_long,0
2.07,43,110,50.000000000005016,109.99999999999498,109.99999999998997,96,41,230.99999999999497,16.069999999999936,2659.0099999999943,QS,provisional_assumed_short_to_long,0
2.08,43,109.00000000000409,50,110.99999999999591,110,95.000000000004093,41,231,16.060000000000144,2658.0499999998474,QS,provisional_assumed_short_to_long,0
2.09,43.999999999996803,110.99999999999361,50,112.99999999999361,110.9999999999968,95,41,231.99999999999682,16.079999999999934,2637.0500000000675,QS,provisional_assumed_short_to_long,0
2.10,44,110.00000000000226,50,114.99999999999547,111,98.999999999990933,41,231.00000000000227,16.079999999999998,2640.0499999999934,QS,provisional_assumed_short_to_long,0
2.11,44,110,50,117.99999999999586,111,96.000000000004135,41,231,16.070000000000014,2637.060000000004,QS,provisional_assumed_short_to_long,0
2.12,44,110.99999999999956,50,119.99999999999912,111.99999999999956,96,41.999999999999559,231,16.07,2637.0599999999999,QS,provisional_assumed_short_to_long,0
2.13,44,110.99999999999956,50,121.00000000000134,116.00000000000178,98,42,232.00000000000088,16.07,2637.0650000000001,QS,provisional_assumed_short_to_long,0
2.14,44,110.00000000000138,50,124.00000000000276,120.00000000000138,98.000000000001378,42,233.99999999999724,16.07,2637.0699999999988,QS,provisional_assumed_short_to_long,0
2.15,44,110.99999999999774,49.999999999997733,126,121,98.999999999995467,42,232.00000000000227,16.07,2636.0700000000002,QS,provisional_assumed_short_to_long,0
2.16,44.000000000006395,110.0000000000032,49.000000000003197,126.0000000000032,121.00000000000639,97.000000000003197,42,233.00000000000318,16.07,2636.0699999999938,QS,provisional_assumed_short_to_long,0
2.17,45.999999999985434,110.99999999999272,49.999999999992717,126.99999999999272,122.99999999998543,97.999999999992724,42,233.99999999999272,16.07,2634.0700000000411,QS,provisional_assumed_short_to_long,0
2.18,46,111,50,127,123,98.999999999993648,42,233.00000000000634,16.07,2644.0700000000052,QS,provisional_assumed_short_to_long,0
2.19,44.000000000010928,110.00000000000546,50,126.00000000000546,123.99999999999454,99.999999999994543,42,232.00000000000546,16.07,2645.0750000000062,QS,provisional_assumed_short_to_long,0
2.20,44,110,50,126,124,100,42,232.99999999999548,16.07,2646.0799999999999,QS,provisional_assumed_short_to_long,0
2.21,44,110,50,126.99999999999636,124.99999999999636,100.99999999999636,42.999999999996362,233,16.07,2646.0699999999924,QS,provisional_assumed_short_to_long,0
2.22,44,110,50,127.99999999999729,125.99999999999729,101.99999999999729,43.999999999997293,232.0000000000027,16.07,2645.0700000000029,QS,provisional_assumed_short_to_long,0
2.23,44,110,50,128,127.99999999999636,100.00000000000364,44,232.99999999999818,16.07,2646.0699999999983,QS,provisional_assumed_short_to_long,0
2.24,44,110,49.500000000000441,128,129.49999999999866,101.49999999999866,44.499999999999559,233,16.060000000000009,2647.079999999999,QS,provisional_assumed_short_to_long,0
2.25,44,110,49,128,131,103,45,233,16.059999999999999,2647.0799999999999,QS,provisional_assumed_short_to_long,0
2.26,44,110,50,130.00000000000094,132.00000000000188,103.99999999999814,45.00000000000373,232.00000000000094,16.060000000000002,2647.0800000000036,QS,provisional_assumed_short_to_long,0
2.27,44,110.00000000000091,50,131,134.00000000000091,102.00000000000091,49.000000000001819,233,16.065000000000008,2651.0800000000072,QS,provisional_assumed_short_to_long,0
2.28,44,110.49999999999854,50,131,134.49999999999852,102.49999999999854,49.999999999997073,233,16.07,2655.0800000000054,QS,provisional_assumed_short_to_long,0
2.29,44,110.99999999999613,50,131,134.99999999999613,102.99999999999613,50.999999999992269,233,16.07,2657.0799999999963,GI,provisional_assumed_short_to_long,0
2.30,44,110.00000000000679,50,131.99999999999321,135,104.99999999998641,51,233,16.07,2656.0800000000136,GI,provisional_assumed_short_to_long,0
2.31,44,109.00000000000591,50,132,135.99999999999409,104.00000000000591,51,233,16.07,2659.0799999999945,GI,provisional_assumed_short_to_long,0
2.32,44,110.99999999998997,49.000000000005016,131.00000000000503,136.99999999999497,103.00000000000502,51,233,16.07,2658.0799999999999,GI,provisional_assumed_short_to_long,0
2.33,44,110.00000000000409,49,131.99999999999591,137.99999999999591,104.99999999999183,51,233.99999999999591,16.07,2658.0799999999999,GI,provisional_assumed_short_to_long,0
2.34,44,110.9999999999968,49.999999999996803,132.99999999999682,139.99999999999361,104.0000000000032,50.000000000003197,234,16.07,2658.0799999999999,GI,provisional_assumed_short_to_long,0
2.35,44,111,50,133,138.00000000000452,104.99999999999774,50,234,16.07,2658.0799999999999,GI,provisional_assumed_short_to_long,0
2.36,44,111,49.000000000001378,133,138.99999999999864,105.99999999999862,50,233.00000000000136,16.07,2659.0799999999986,GI,provisional_assumed_short_to_long,0
2.37,44,110.00000000000044,50.999999999999112,133,139,104.00000000000088,50.999999999999559,233.99999999999955,16.07,2660.0799999999995,GI,provisional_assumed_short_to_long,0
2.38,44,112,49.999999999999552,133,138,105.99999999999956,50.000000000000448,234,16.069999999999997,2659.0900000000006,GI,provisional_assumed_short_to_long,0
2.39,44,112,49,133.00000000000136,138,105.00000000000138,51,234,16.060000000000006,2660.0900000000001,GI,provisional_assumed_short_to_long,0
2.40,44,111.99999999999774,49,133.99999999999773,138.00000000000227,105.99999999999774,51,234,16.065000000000012,2660.085,GI,provisional_assumed_short_to_long,0
2.41,44,111,49,132.99999999999682,138.99999999999361,104.9999999999968,50.999999999980815,234,16.07,2660.0800000000031,GI,provisional_assumed_short_to_long,0
2.42,44,111,49,132.00000000000728,137.00000000001455,104.00000000000728,45.000000000043698,234,16.069999999999958,2661.0800000000122,GI,provisional_assumed_short_to_long,0
2.43,44,111,49,132.99999999999366,135.0000000000127,104,49.999999999968246,234,16.059999999999999,2664.0900000000051,GI,provisional_assumed_short_to_long,0
2.44,44,111.99999999999454,49.999999999994536,132.00000000000546,134.00000000000546,102.00000000001093,51.999999999989072,234.99999999999454,16.059999999999999,2665.0900000000061,GI,provisional_assumed_short_to_long,0
2.45,44,110.00000000000907,50,131.00000000000452,134.99999999999548,101.00000000000453,52,235,16.059999999999999,2666.0900000000038,GI,provisional_assumed_short_to_long,0
2.46,44,110,50,129.00000000000728,133.00000000000728,100.00000000000364,47.000000000018204,234.00000000000364,16.059999999999999,2666.5950000000012,GI,provisional_assumed_short_to_long,0
2.47,44,110.99999999999729,50.999999999997293,127.00000000000541,128.00000000001356,100,47,233.0000000000027,16.059999999999999,2667.0999999999985,GI,provisional_assumed_short_to_long,0
2.48,44.999999999998181,111,50.000000000001819,125.00000000000364,122.00000000001093,101.99999999999636,47,233.99999999999818,16.050000000000018,2667.1100000000001,GI,provisional_assumed_short_to_long,0
2.49,45.999999999999112,111,50,116.00000000000799,115.00000000000622,101.00000000000088,48.999999999998224,234.99999999999912,16.040000000000006,2669.1299999999983,GI,provisional_assumed_short_to_long,0
2.50,47,111,49,114,114,99,51,234,15.99,2653.1700000000001,GI,provisional_assumed_short_to_long,0
2.51,46,108.99999999999906,50,107.9999999999972,111.99999999999906,98.999999999998138,51.0000000000028,235,15.949999999999953,2677.2100000000019,GI,provisional_assumed_short_to_long,0
2.52,45.999999999994536,108,50,104.99999999999818,110.99999999999089,97.000000000003638,54.000000000007283,234.99999999999272,15.899999999999945,2679.2900000000045,GI,provisional_assumed_short_to_long,0
2.53,43.00000000000275,107.99999999999174,50,103.99999999998349,105.99999999998899,99,58.000000000005507,230.99999999999173,15.869999999999918,2681.840000000007,GI,provisional_assumed_short_to_long,0
2.54,43.999999999992269,105.00000000002318,50,98.000000000046356,102.00000000003091,99,59.999999999984546,228.00000000002319,15.83999999999949,2684.3900000000876,GI,provisional_assumed_short_to_long,0
2.55,44.999999999993207,106.99999999998641,50,97.000000000006793,94.000000000054357,99,60.999999999993207,225.00000000002038,15.699999999999404,2708.5300000000243,GI,provisional_assumed_short_to_long,0
2.56,45,101.00000000003544,49.000000000005905,95.000000000011809,87.000000000041339,98.000000000005912,63.999999999982279,224.00000000000591,15.569999999999563,2713.7499999999841,GI,provisional_assumed_short_to_long,0
2.57,44.000000000005016,102.99999999998997,49.999999999994984,92.000000000015049,69.000000000090324,95.000000000015049,60.000000000020073,222.00000000001003,15.489999999999618,2710.8700000000003,GI,provisional_assumed_short_to_long,0
2.58,43.000000000004086,98.000000000020435,49.000000000004086,90.000000000008171,61.000000000032685,94.000000000004093,60,222,15.429999999999636,2710.9199999999641,GI,provisional_assumed_short_to_long,0
2.59,43,93.000000000015987,49.999999999996803,86.00000000001279,60.000000000003197,92.000000000006395,60.999999999996803,220.00000000000639,15.380000000000161,2705.960000000016,GI,provisional_assumed_short_to_long,0
2.60,43,93,49.000000000002267,70.000000000036238,60,92,58.000000000006793,220,15.360000000000046,2705.4750000000008,GI,provisional_assumed_short_to_long,0
2.61,43,89.000000000005514,49,70,59.000000000001378,92,59.999999999997243,219.00000000000136,15.340000000000028,2704.9900000000002,GI,provisional_assumed_short_to_long,0
2.62,43,88.000000000000441,49,69.000000000000441,59,92,58.000000000000888,214.00000000000222,15.310000000000013,2697.0100000000039,GI,provisional_assumed_short_to_long,0
2.63,43,87.999999999998664,48.999999999999552,67.999999999999559,58,88.999999999999559,60,216.00000000000045,15.27999999999999,2683.0199999999923,GI,provisional_assumed_short_to_long,0
2.64,42.999999999998622,84.999999999995865,48,66.999999999997243,57.999999999998622,87.999999999997243,59.999999999990365,216.99999999999864,15.26,2666.0299999999879,GI,provisional_assumed_short_to_long,0
2.65,42.000000000002267,81.999999999988674,48.000000000002267,65,57,86.00000000000226,52.999999999997733,215.99999999999548,15.260000000000046,2657.0199999999786,GI,provisional_assumed_short_to_long,0
2.66,43,76.99999999998721,49,64.999999999984013,56.999999999996803,87,51.99999999997442,213.99999999997124,15.280000000000065,2647.5099999999698,GI,provisional_assumed_short_to_long,0
2.67,43,73.000000000029132,49,60.000000000036415,56.000000000007283,87,44.000000000058265,205.00000000006554,15.300000000000287,2637.9999999999509,GI,provisional_assumed_short_to_long,0
2.68,42.000000000006352,67.000000000038099,48.000000000006352,56.000000000025402,55.000000000006352,77.000000000063508,41.00000000001905,195.00000000006349,15.370000000000703,2625.9499999997133,GI,provisional_assumed_short_to_long,0
2.69,42.999999999994536,62.000000000027313,48,56,54.000000000005464,66.000000000060083,38.000000000016385,183.00000000006554,15.510000000001712,2568.8299999998908,GI,provisional_assumed_short_to_long,0
2.70,41.000000000009059,60.000000000009059,48.999999999995467,56,53.000000000004533,64.000000000009067,37.000000000004533,172.00000000004982,15.800000000001575,2550.3599999997787,GI,provisional_assumed_short_to_long,0
2.71,41,51.00000000003277,47.000000000007283,55.000000000003638,52.000000000003638,61.000000000010928,33.000000000014566,157.00000000005463,16.030000000001856,2518.0099999998583,GI,provisional_assumed_short_to_long,0
2.72,42.999999999994586,42.000000000024379,45.000000000005414,55,52,59.000000000005414,32.000000000002707,142.00000000004064,16.269999999999349,2499.6700000000496,GI,provisional_assumed_short_to_long,0
2.73,42.000000000001819,42,41.000000000007283,53.000000000003638,50.000000000003638,59,33.999999999996362,125.00000000003095,16.299999999999944,2498.6100000000019,GI,provisional_assumed_short_to_long,0
2.74,42,48.999999999993783,38.000000000002665,53,47.000000000002665,55.000000000003553,34,117.00000000000711,16.32999999999997,2497.5500000000011,GI,provisional_assumed_short_to_long,0
2.75,42,60,37,53,46,59,34,115,16.34,2490.52,GI,provisional_assumed_short_to_long,0
2.76,43,58.000000000000931,36.000000000000931,52.000000000000931,46,58.000000000005599,34.00000000000373,116.0000000000112,16.350000000000001,2486.4999999999918,GI,provisional_assumed_short_to_long,0
2.77,43.000000000003645,58.999999999996355,37.000000000001819,53,46,63.999999999989072,38.000000000001819,128.00000000002004,16.349999999999984,2477.4899999999634,GI,provisional_assumed_short_to_long,0
2.78,45,56.999999999991743,38.000000000008257,53,46.00000000000275,58.00000000000275,39.000000000005507,139.000000000011,16.339999999999918,2457.4899999999034,GI,provisional_assumed_short_to_long,0
2.79,45,54.000000000023178,40.999999999976822,53,46.999999999992269,58.999999999992269,40.999999999984546,142.99999999996908,16.309999999999981,2422.4799999999655,SSSW,provisional_assumed_short_to_long,0
2.80,45.999999999993207,51.000000000020385,42.999999999986414,53,52.999999999959229,59.999999999993207,43.999999999979615,159.99999999988449,16.304999999999978,2412.9799999999564,SSSW,provisional_assumed_short_to_long,0
2.81,50.99999999997047,51,45.999999999982279,53.999999999994095,54.999999999988191,61.999999999988191,46.999999999982279,174.99999999991141,16.300000000000054,2403.4799999999891,SSSW,provisional_assumed_short_to_long,0
2.82,58.999999999959854,53.999999999984944,47.999999999989967,54,56.999999999989967,65.999999999979934,50.999999999979927,190.99999999991971,16.309999999999999,2401.4599999999873,SSSW,provisional_assumed_short_to_long,0
2.83,63.999999999979572,57.999999999983658,47.000000000004086,54,58.999999999991829,66.999999999995907,51,205.99999999993872,16.309999999999999,2399.4500000000071,SSSW,provisional_assumed_short_to_long,0
2.84,68.999999999984013,68.999999999964828,47.999999999996803,55.999999999993605,59,80.999999999955236,50.000000000003197,218.99999999995845,16.309999999999999,2400.4499999999966,SSSW,provisional_assumed_short_to_long,0
2.85,78.999999999977348,68.00000000000226,48,59.999999999990941,59.999999999997733,85.999999999988674,44.000000000013586,225.99999999998414,16.319999999999979,2398.4300000000044,SSSW,provisional_assumed_short_to_long,0
2.86,109.99999999995732,68,48,62.999999999995872,61.999999999997243,87.999999999997243,41.000000000004128,228.99999999999588,16.329999999999984,2394.4200000000055,SSSW,provisional_assumed_short_to_long,0
2.87,105.00000000000222,74.999999999996888,48.999999999999559,63,68.999999999996888,89.999999999999119,38.000000000001336,229.99999999999955,16.325000000000003,2393.4200000000005,SSSW,provisional_assumed_short_to_long,0
2.88,101.99999999999689,76,49,63.999999999998664,68.000000000000441,94.000000000000441,35.999999999998664,229.99999999999912,16.32,2392.4199999999978,SSSW,provisional_assumed_short_to_long,0
2.89,94.999999999977973,76.000000000012392,48.999999999998622,60.999999999997243,68.999999999994486,94.999999999994486,33,227.99999999999449,16.32,2387.419999999996,SSSW,provisional_assumed_short_to_long,0
2.90,78.999999999972815,84.99999999999774,48,58.999999999990941,64.999999999990933,91.000000000013586,32.999999999997733,223.99999999998869,16.32,2384.4099999999953,SSSW,provisional_assumed_short_to_long,0
2.91,66.999999999996803,84.000000000009592,48.000000000003197,54.999999999996803,60.999999999996803,96.999999999990408,32,218.99999999997763,16.320000000000128,2382.4199999999773,SSSW,provisional_assumed_short_to_long,0
2.92,66.000000000007276,86.999999999978144,48.999999999992717,54.000000000007283,60.000000000007283,94.000000000021856,32,212.00000000005099,16.360000000000042,2375.330000000004,SSSW,provisional_assumed_short_to_long,0
2.93,53.000000000082558,88.999999999987295,48.000000000006352,54,53.000000000044452,92.000000000012705,32,209.00000000001904,16.370000000000026,2376.3100000000022,SSSW,provisional_assumed_short_to_long,0
2.94,48.000000000027313,87.000000000010928,48.999999999994536,53.000000000005464,53.999999999994536,89.000000000016385,32,201.00000000004371,16.375000000000028,2376.8000000000029,SSSW,provisional_assumed_short_to_long,0
2.95,47.000000000004533,85.000000000009067,48.000000000004533,53.999999999995467,53.000000000004533,86.000000000013586,32.999999999995467,197.00000000001813,16.379999999999999,2377.2899999999863,SSSW,provisional_assumed_short_to_long,0
2.96,47,81.000000000014566,48,53.000000000003638,53,84.000000000007276,33,194.00000000001091,16.380000000000077,2375.2900000000154,SSSW,provisional_assumed_short_to_long,0
2.97,45.000000000005414,86.999999999983743,42.000000000016257,53,53,84,32.000000000002707,182.00000000003251,16.389999999999972,2377.2799999999947,SSSW,provisional_assumed_short_to_long,0
2.98,45,85.000000000003638,41.000000000001819,53,53,82.000000000003638,32,171.00000000002004,16.390000000000001,2375.2800000000038,SSSW,provisional_assumed_short_to_long,0
2.99,44.000000000000888,71.000000000012434,39.000000000001776,53,53,76.000000000005329,32,159.00000000001066,16.390000000000001,2374.2800000000011,SSSW,provisional_assumed_short_to_long,0
3.00,44,62,37,53,53,77,32,157,16.399999999999999,2372.27,SSSW,provisional_assumed_short_to_long,0
3.01,41.999999999999069,63.999999999999069,37,52.999999999999069,53,73.999999999999062,32,149.99999999998602,16.38999999999999,2353.764999999983,SSSW,provisional_assumed_short_to_long,0
3.02,40.999999999998181,62.999999999994536,37.000000000001819,52.000000000001819,52.999999999998181,72.99999999999271,32,134.99999999999636,16.379999999999946,2335.2599999999838,SSSW,provisional_assumed_short_to_long,0
3.03,39.999999999991743,59.999999999991743,38,53,52,68.999999999991743,32,132.99999999995595,16.350000000000001,2326.2900000000054,SSSW,provisional_assumed_short_to_long,0
3.04,37.000000000023178,57.000000000023178,38,53,52,66.000000000023178,32,117.00000000012363,16.350000000000037,2328.2999999999893,SSSW,provisional_assumed_short_to_long,0
3.05,37.999999999993207,58.999999999986414,38,53,51.000000000006793,63.000000000020385,32,117.99999999999321,16.360000000000046,2325.3000000000002,SSSW,provisional_assumed_short_to_long,0
3.06,38,57.000000000011809,38,53.999999999994095,51.999999999994095,58.00000000002953,32,128.99999999993503,16.370000000000001,2325.29,SSSW,provisional_assumed_short_to_long,0
3.07,37.000000000004974,54.000000000014921,38.999999999995026,54,52,55.000000000014921,32,119.00000000004974,16.370000000000033,2325.279999999997,SSSW,provisional_assumed_short_to_long,0
3.08,37.999999999995914,46.000000000032685,39,54,52,56.999999999991829,31.000000000004086,119.99999999999591,16.375000000000007,2324.7799999999993,SSSW,provisional_assumed_short_to_long,0
3.09,38,45.000000000003197,39,54,51.000000000003197,54.000000000009592,31.999999999996803,123.99999999998721,16.379999999999981,2324.280000000002,SSSW,provisional_assumed_short_to_long,0
3.10,38,42.000000000006793,39,53.000000000002267,51,51.000000000006793,32,119.00000000001133,16.379999999999999,2320.2700000000091,SSSW,provisional_assumed_short_to_long,0
3.11,38.999999999998622,48.999999999990365,38.000000000001378,53.999999999998622,51.999999999998622,51,32,125.99999999999037,16.360000000000028,2310.2800000000138,SSSW,provisional_assumed_short_to_long,0
3.12,39,51.999999999998664,38,54,52,51,32,127.99999999999912,16.340000000000011,2300.3100000000045,SSSW,provisional_assumed_short_to_long,0
3.13,39,52.999999999999552,39,54,53,51.000000000000888,31.999999999999556,126.9999999999991,16.34,2302.3300000000008,SSSW,provisional_assumed_short_to_long,0
3.14,39,52.000000000002757,39.000000000002757,54,53.000000000006885,53.000000000004128,31.000000000001378,125.00000000001653,16.34,2304.8300000000036,SSSW,provisional_assumed_short_to_long,0
3.15,39.000000000002267,54.000000000004533,41.000000000002267,53.999999999997733,58.000000000002267,56.000000000002267,32,137.00000000001586,16.34,2307.330000000009,SSSW,provisional_assumed_short_to_long,0
3.16,40.000000000006395,56,42,53,59,57.000000000006395,32,144.00000000001918,16.34,2311.3300000000222,SSSW,provisional_assumed_short_to_long,0
3.17,41.999999999985434,56,42,53,59,58.999999999985434,32,149.99999999995629,16.34,2318.3400000000124,SSSW,provisional_assumed_short_to_long,0
3.18,42.999999999993648,53.00000000001905,41.000000000006352,53.999999999993648,59,60.999999999987295,32,150.99999999999366,16.34,2321.3400000000001,SSSW,provisional_assumed_short_to_long,0
3.19,43,55.999999999983615,41,54,59,57.000000000021849,32,153.9999999999836,16.34,2321.3400000000001,SSSW,provisional_assumed_short_to_long,0
3.20,43.999999999995467,52.000000000018119,41,54.999999999995467,58.000000000004533,52.000000000022652,32,154.99999999999548,16.340000000000035,2321.3400000000547,SSSW,provisional_assumed_short_to_long,0
3.21,44,64.999999999952664,41,55.999999999996362,59.999999999992717,53.999999999992717,32,155,16.34500000000001,2329.3400000000165,SSSW,provisional_assumed_short_to_long,0
3.22,45.999999999994586,63.000000000005414,41,62.999999999981036,71.999999999967486,55.999999999994586,32,159.99999999998644,16.349999999999987,2337.3399999999783,SSSW,provisional_assumed_short_to_long,0
3.23,47.999999999996362,63,41.999999999998181,63.999999999998181,99.999999999949011,61.999999999989072,32,166.99999999998727,16.350000000000001,2340.3499999999945,SSSW,provisional_assumed_short_to_long,0
3.24,49.999999999998224,66.999999999996447,43.999999999998224,66.999999999997328,115.99999999998579,63.999999999998224,34.999999999997335,178.99999999998934,16.310000000000034,2339.380000000001,SSSW,provisional_assumed_short_to_long,0
3.25,68,68,46,79,136,70,50,196,16.039999999999999,2268.5900000000001,SSSW,provisional_assumed_short_to_long,0
3.26,90.00000000002052,72.000000000003737,46,86.000000000005599,145.00000000001026,83.000000000007461,84.000000000046626,209.00000000001771,15.30999999999972,2277.4900000000398,SSSW,provisional_assumed_short_to_long,0
3.27,112.00000000003277,76.000000000010928,46.000000000001819,92.000000000023675,156.00000000002913,91.000000000023675,134.00000000002186,228.00000000004371,15.009999999999454,2320.2700000000777,SSSW,provisional_assumed_short_to_long,0
3.28,130.00000000006332,82.000000000024784,47.00000000000275,105.00000000007158,172.0000000000303,104.00000000006332,146.00000000005232,252.00000000006332,14.709999999999891,2363.0500000002071,SSSW,provisional_assumed_short_to_long,0
3.29,152.99999999982228,90.999999999930452,47.999999999992269,130.99999999979909,182.99999999991499,126.99999999982228,164.99999999985317,274.99999999982225,14.670000000000291,2438.1400000002768,SSSW,provisional_assumed_short_to_long,0
3.30,187.9999999997622,106.99999999989129,47.000000000006793,153.99999999984374,195.99999999991167,149.99999999984374,183.99999999987091,303.99999999980298,14.750000000000595,2514.1800000002104,SSSW,provisional_assumed_short_to_long,0
3.31,215.99999999983461,108.99999999998819,46.000000000005905,169.9999999999055,206.99999999993503,168.99999999988779,198.99999999991141,324.99999999987597,14.880000000000766,2560.1700000001038,SSSW,provisional_assumed_short_to_long,0
3.32,225.99999999995026,109,46,175.99999999997016,207,167.00000000000995,206.99999999996021,325,15.020000000000255,2579.1800000002299,SSSW,provisional_assumed_short_to_long,0
3.33,226,107.00000000000817,46,178.99999999998775,213.99999999997141,166.00000000000409,201.0000000000245,325,15.059999999999819,2615.180000000244,SSSW,provisional_assumed_short_to_long,0
3.34,226.99999999999682,88.000000000060751,46,181.99999999999039,203.00000000003519,158.00000000002558,194.0000000000224,324.00000000000318,15.034999999999938,2648.700000000083,SSSW,provisional_assumed_short_to_long,0
3.35,226.00000000000227,78.000000000022652,46,182,198.00000000001131,169.99999999997283,193.00000000000227,320.00000000000904,15.010000000000057,2682.2199999999239,SSSW,provisional_assumed_short_to_long,0
3.36,236.99999999998485,78.999999999998622,46,182,200.99999999999588,174.99999999999312,207.99999999997934,315.00000000000688,14.93000000000011,2740.2999999999201,SSSW,provisional_assumed_short_to_long,0
3.37,243.9999999999969,87.999999999996007,45.000000000000441,179.00000000000134,204.99999999999824,177.99999999999866,214.9999999999969,308.00000000000313,14.770000000000071,2814.3699999999671,SSSW,provisional_assumed_short_to_long,0
3.38,251.00000000000088,89.000000000003553,45,177,208.00000000000045,193.00000000000222,221.00000000000045,303.99999999999955,14.659999999999959,2864.4400000000246,SSSW,provisional_assumed_short_to_long,0
3.39,252.99999999999588,96.999999999998622,45,176.99999999999864,208.99999999999037,198.00000000000136,221.99999999998485,303.00000000000136,14.569999999999931,2919.490000000033,SSSW,provisional_assumed_short_to_long,0
3.40,249.99999999999773,95.999999999995467,45.000000000002267,176.00000000000452,201.99999999998869,198.99999999999548,210.99999999997962,304,14.519999999999989,2943.5100000000061,SSSW,provisional_assumed_short_to_long,0
3.41,248.99999999999682,94,46,178.00000000000318,196.99999999999042,196.99999999998721,201.99999999995845,303.99999999998403,14.514999999999983,2946.0250000000083,SSSW,provisional_assumed_short_to_long,0
3.42,248.00000000000728,94,46,178.99999999999272,194.00000000002186,193.00000000002913,189.00000000009467,299.00000000003644,14.509999999999877,2948.540000000045,SSSW,provisional_assumed_short_to_long,0
3.43,255.99999999994918,89.000000000031747,46,179,192.0000000000127,192.00000000000634,189,294.00000000003178,14.480000000000102,2959.5500000000002,SSSW,provisional_assumed_short_to_long,0
3.44,246.00000000005463,87.000000000010928,46,179.99999999999454,193.99999999998909,186.00000000003277,191.9999999999836,293.00000000000546,14.500000000000119,2959.54,SSSW,provisional_assumed_short_to_long,0
3.45,237.00000000004076,88.999999999990933,46.999999999995467,182.99999999998641,194,180.00000000002717,189.00000000001359,289.00000000001813,14.52,2959.5299999999934,SSSW,provisional_assumed_short_to_long,0
3.46,224.00000000004735,82.000000000025494,47,180.00000000001091,194,187.99999999997087,191.99999999998909,283.00000000002183,14.520000000000039,2958.5199999999072,SSSW,provisional_assumed_short_to_long,0
3.47,213.00000000002979,80.000000000005414,47,179.0000000000027,190.00000000001083,200.99999999996479,192,277.00000000001626,14.525000000000015,2946.5099999999643,SSSW,provisional_assumed_short_to_long,0
3.48,187.00000000004735,70.000000000018204,47,178.00000000000182,186.00000000000728,197.00000000000728,198.99999999998727,266.00000000002001,14.52999999999999,2934.5000000000218,SSSW,provisional_assumed_short_to_long,0
3.49,174.00000000001154,66.000000000003553,47.999999999999112,177.00000000000088,186,203.99999999999378,194.00000000000443,258.00000000000711,14.569999999999965,2924.4800000000091,SSSW,provisional_assumed_short_to_long,0
3.50,160,65,48,174,179,203,181,248,14.619999999999999,2911.4499999999998,SSSW,provisional_assumed_short_to_long,0
3.51,155.99999999999162,64.9999999999972,48.000000000000931,167.99999999999812,169.99999999999068,198.99999999999628,177.99999999999721,248.99999999999534,14.650000000000038,2902.4299999999739,SSSW,provisional_assumed_short_to_long,0
3.52,146.99999999998727,62.000000000003645,49.000000000001819,165.99999999999818,160.00000000000182,194.99999999996177,174.99999999999091,244,14.690000000000145,2874.3999999999655,SSSW,provisional_assumed_short_to_long,0
3.53,139.99999999995319,63.999999999986237,49.99999999999725,164.99999999999449,160.99999999996697,173.99999999997522,170.000000000011,243.99999999999449,14.770000000000069,2855.389999999989,SSSW,provisional_assumed_short_to_long,0
3.54,123.00000000013137,59.000000000038639,49.000000000007731,163.00000000001546,149.00000000009271,165.00000000006955,173.99999999996908,242.00000000001546,14.795000000000091,2851.3799999999851,SSSW,provisional_assumed_short_to_long,0
3.55,115.00000000005436,67.999999999938851,50.999999999986414,160.00000000002038,147.00000000001359,161.00000000002717,163.00000000007475,238.00000000002717,14.820000000000229,2847.3699999999908,SSSW,provisional_assumed_short_to_long,0
3.56,108.00000000004134,72.99999999997047,50.000000000005905,156.00000000002362,142.00000000002953,158.00000000001771,163,237.00000000000591,14.870000000000109,2845.3499999999945,SSSW,provisional_assumed_short_to_long,0
3.57,98.000000000049738,73.999999999995026,49.000000000004974,154.00000000000995,137.00000000002487,149.00000000004476,159.0000000000199,226.00000000005471,14.890000000000065,2844.3400000000256,SSSW,provisional_assumed_short_to_long,0
3.58,96.000000000008171,70.000000000016342,49.999999999995914,153.00000000000409,131.0000000000245,137.00000000004903,160.99999999999181,226,14.900000000000073,2848.3300000000363,SSSW,provisional_assumed_short_to_long,0
3.59,94.000000000006395,77.99999999997442,49.000000000003197,150.00000000000961,126.00000000001599,137,161.99999999999682,223.00000000000961,14.909999999999968,2853.3199999999842,SSSW,provisional_assumed_short_to_long,0
3.60,94,78,49.999999999997733,149.00000000000227,128.99999999999321,144.99999999998187,168.99999999998414,218.00000000001131,14.924999999999965,2852.8200000000011,SSSW,provisional_assumed_short_to_long,0
3.61,96.999999999995865,82.999999999993122,49.000000000001378,148.00000000000136,124.00000000000688,141.00000000000551,167.00000000000276,224.99999999999037,14.939999999999978,2852.3200000000011,SSSW,provisional_assumed_short_to_long,0
3.62,101.99999999999778,89.999999999996888,49.999999999999559,149.99999999999912,120.00000000000178,136.00000000000222,167.99999999999955,240.99999999999289,14.949999999999996,2861.2999999999961,SSSW,provisional_assumed_short_to_long,0
3.63,107.00000000000222,106.00000000000445,50,151.00000000000045,116.00000000000134,134.00000000000134,169.00000000000179,243.00000000000665,15.050000000000018,2853.3100000000045,SSSW,provisional_assumed_short_to_long,0
3.64,112.00000000001377,116.00000000001927,50.000000000001378,152.00000000000412,119.00000000000414,137.00000000000963,173.00000000000963,258.00000000001376,15.090000000000028,2863.3000000000511,SSSW,provisional_assumed_short_to_long,0
3.65,122.00000000002719,130.00000000002038,51,155.00000000000452,122.00000000000453,143.99999999998187,180.00000000000907,268.00000000001359,15.11000000000009,2900.2900000000341,SSSW,provisional_assumed_short_to_long,0
3.66,134.00000000001918,139.00000000002237,51,157.00000000002237,124.00000000001918,136,184.00000000002558,274.00000000004155,15.15000000000016,2915.2800000000543,SSSW,provisional_assumed_short_to_long,0
3.67,139.99999999995629,145.99999999994901,51,163.99999999994901,129.99999999995629,136,191.99999999994174,286.9999999999053,15.200000000000102,2932.2600000000411,SSSW,provisional_assumed_short_to_long,0
3.68,152.99999999991743,164.99999999987935,51.999999999993648,170.99999999995555,134.99999999996825,139.99999999997459,188.00000000002541,297.99999999993014,15.225000000000126,2942.2450000000504,SSSW,provisional_assumed_short_to_long,0
3.69,161.99999999995083,171.99999999996177,52,173.9999999999836,143.99999999995083,150.99999999993992,192.99999999997269,302.99999999997272,15.250000000000295,2952.2300000001237,SSSW,provisional_assumed_short_to_long,0
3.70,169.99999999996376,179.99999999996376,52.999999999995467,179.99999999997283,147.99999999998187,151.99999999999548,201.99999999995924,301.00000000000904,15.300000000000548,2973.2100000001983,SSSW,provisional_assumed_short_to_long,0
3.71,175.99999999997814,183.99999999998545,53,183.99999999998545,149.99999999999272,155.99999999998545,200.00000000000728,318.99999999993446,15.380000000000464,3002.1700000001388,SSSW,provisional_assumed_short_to_long,0
3.72,180.99999999998644,193.99999999997291,52.000000000002707,188.99999999998644,150,162.99999999998104,198.00000000000543,320.9999999999946,15.439999999999838,3020.1199999999512,SSSW,provisional_assumed_short_to_long,0
3.73,183.99999999999454,205.99999999997814,52,193.99999999999091,149.00000000000182,163.99999999999818,201.99999999999272,319.00000000000364,15.529999999999836,3035.0099999999729,SSSW,provisional_assumed_short_to_long,0
3.74,184,213.99999999999289,52.999999999999112,197.99999999999645,150.99999999999824,169.99999999999466,200.00000000000176,326.99999999999289,15.699999999999848,3044.7399999999911,SSSW,provisional_assumed_short_to_long,0
3.75,188,217,52,200,151,167,204,328,15.824999999999999,3046.9949999999999,SSSW,provisional_assumed_short_to_long,0
3.76,180.00000000000094,220.99999999999534,52.000000000000931,200.99999999999812,154.99999999999721,165.99999999999906,200.99999999999534,330.00000000000188,15.950000000000157,3049.2500000000173,SSSW,provisional_assumed_short_to_long,0
3.77,180.99999999999454,215.99999999998909,52.999999999998181,198.99999999999454,151.99999999999091,165.00000000000364,195.99999999999454,331.99999999998909,16.12000000000053,3068.0200000000118,SSSW,provisional_assumed_short_to_long,0
3.78,177.999999999989,209.99999999998624,51.99999999999725,195.99999999998073,146.99999999997246,166.999999999989,192.99999999999449,325.99999999999176,16.410000000000661,3074.4399999999082,SSSW,provisional_assumed_short_to_long,0
3.79,174.00000000003092,205.00000000003863,51.000000000007731,189.00000000005409,137.00000000007728,163.00000000003092,191.00000000001546,323.00000000002319,16.6500000000004,3041.0199999999559,SSSW,provisional_assumed_short_to_long,0
3.80,166.00000000005434,198.00000000004755,51,175.00000000009513,133.00000000002717,156.00000000004755,185.00000000004076,319.00000000002717,16.76000000000014,3028.8499999999403,SSSW,provisional_assumed_short_to_long,0
3.81,168.99999999998229,189.00000000005315,50.000000000005905,160.00000000008859,119.00000000008269,145.00000000006497,184.00000000000591,313.00000000003541,16.790000000000166,3015.8249999999289,SSSW,provisional_assumed_short_to_long,0
3.82,162.00000000003482,169.00000000009948,47.000000000014921,141.0000000000945,105.00000000006963,138.00000000003482,174.00000000004974,303.00000000004974,16.820000000000256,3002.7999999998656,SSSW,provisional_assumed_short_to_long,0
3.83,156.0000000000245,159.00000000004087,46.000000000004086,132.00000000003678,97.000000000032685,125.00000000005312,164.00000000004087,290.00000000005309,16.86000000000007,2981.7499999998181,SSSW,provisional_assumed_short_to_long,0
3.84,156.99999999999682,143.00000000005116,45.000000000003197,112.00000000006395,90.000000000022382,119.00000000001918,152.00000000003837,267.00000000007356,16.869999999999969,2956.77000000008,SSSW,provisional_assumed_short_to_long,0
3.85,152.00000000001131,133.00000000002265,44.000000000002267,95.000000000038511,86.000000000009067,106.00000000002944,133.00000000004303,239.00000000006341,16.899999999999931,2914.6900000000956,SSSW,provisional_assumed_short_to_long,0
3.86,147.00000000000688,124.00000000001239,37.000000000009635,93.000000000002757,68.000000000024784,101.00000000000688,107.0000000000358,227.00000000001651,16.860000000000056,2858.7000000000771,SSSW,provisional_assumed_short_to_long,0
3.87,144.00000000000134,107.00000000000755,36.000000000000441,88.000000000002217,56.000000000005329,84.000000000007546,96.000000000004889,214.00000000000577,16.869999999999997,2843.6800000000067,SSSW,provisional_assumed_short_to_long,0
3.88,129.99999999999289,103.99999999999645,32,68.999999999998664,52.999999999998664,66.000000000000895,73.999999999996007,203.99999999999511,16.880000000000006,2824.6799999999912,SSSW,provisional_assumed_short_to_long,0
3.89,113.99999999999174,95.999999999982109,31.999999999998622,65.999999999997243,49.999999999991736,67.999999999982109,64.999999999983473,192.99999999999449,16.889999999999972,2805.6799999999434,SSSW,provisional_assumed_short_to_long,0
3.90,108.0000000000034,82.999999999983018,31,63.99999999999207,44.00000000000113,55.000000000003396,52.999999999988674,188.99999999999093,16.870000000000115,2764.6999999999002,SSSW,provisional_assumed_short_to_long,0
3.91,109.49999999999628,75.500000000018645,31,60.500000000008704,44.499999999998757,56.49999999999627,48.000000000012434,185.00000000000995,16.919999999999746,2720.6999999999171,SSSW,provisional_assumed_short_to_long,0
3.92,110.99999999998907,68.000000000054627,31,57.000000000025494,44.999999999996362,57.999999999989072,43.000000000036415,181.00000000002913,16.839999999999673,2694.849999999878,SSSW,provisional_assumed_short_to_long,0
3.93,115.99999999996825,50.000000000114312,31.999999999993648,54.00000000001905,43.000000000012705,66.999999999942844,40.00000000001905,167.0000000000889,16.759999999999799,2664.9899999997488,SSSW,provisional_assumed_short_to_long,0
3.94,112.00000000002186,48.000000000010928,34.999999999983615,53.000000000005464,44.999999999989072,83.999999999907146,38.000000000010928,154.000000000071,16.719999999999676,2615.0099999998147,SSSW,provisional_assumed_short_to_long,0
3.95,99.00000000005889,49.999999999990941,35.999999999995467,53,45,84.999999999995467,37.000000000004533,151.00000000001359,16.664999999999623,2583.5849999997849,SSSW,provisional_assumed_short_to_long,0
3.96,84.000000000054627,52.999999999989072,35.000000000003638,53.999999999996362,45,87.999999999989072,36.000000000003638,147.00000000001455,16.609999999999612,2552.1599999991804,SSSW,provisional_assumed_short_to_long,0
3.97,66.000000000048757,53.999999999997293,35.499999999998643,54,45,87.50000000000135,36,147,16.560000000000134,2446.1300000002875,SSSW,provisional_assumed_short_to_long,0
3.98,48.000000000032777,54.999999999998181,35.999999999999091,54,45,87.000000000000909,36,147,16.520000000000074,2399.1400000000854,SSSW,provisional_assumed_short_to_long,0
3.99,47.500000000000441,57.999999999997335,36.999999999999112,54,44.000000000000888,76.000000000009777,34.500000000001336,139.00000000000711,16.510000000000012,2386.1500000000115,SSSW,provisional_assumed_short_to_long,0
4.00,47,61,38,54,43,65,33,131,16.469999999999999,2381.2199999999998,SSSW,provisional_assumed_short_to_long,0
4.01,46.999999999999112,62.000000000003553,39,53.000000000000888,44,61.99999999999023,33,125.99999999999378,16.45999999999999,2372.2299999999964,SSSW,provisional_assumed_short_to_long,0
4.02,46,66.000000000006523,39,53.999999999999069,44,50.999999999999069,33,118.99999999999906,16.449999999999982,2368.2449999999926,SSSW,provisional_assumed_short_to_long,0
4.03,46,69.49999999998974,39,53.500000000001464,44,50.500000000001464,33,118.50000000000146,16.440000000000001,2364.259999999992,SSSW,provisional_assumed_short_to_long,0
4.04,46,72.999999999972957,39,53.000000000003865,44,50.000000000003865,33,118.00000000000387,16.439999999999966,2361.2399999999743,SSSW,provisional_assumed_short_to_long,0
4.05,47.999999999986322,60.000000000088903,38.000000000006835,53,44,50.999999999993165,33,119.99999999998633,16.43,2354.2499999999818,SSSW,provisional_assumed_short_to_long,0
4.06,48,69.99999999994138,38,53,44,51,32.000000000005862,121.99999999998828,16.429999999999943,2350.2499999999891,SSSW,provisional_assumed_short_to_long,0
4.07,48,78.999999999955236,38,53,44,50.000000000004974,32.999999999995026,126.99999999997513,16.420000000000034,2348.2600000000548,SSSW,provisional_assumed_short_to_long,0
4.08,47.000000000004086,77.000000000008171,38.999999999995914,52.000000000004086,44.999999999995914,50,32.000000000004086,115.00000000004903,16.425000000000008,2356.7600000000139,SSSW,provisional_assumed_short_to_long,0
4.09,47,77.499999999998408,38.500000000001599,52,45,53.499999999988809,32,116.4999999999952,16.429999999999986,2365.2599999999729,SSSW,provisional_assumed_short_to_long,0
4.10,47,77.999999999998849,38.000000000001151,52,45,56.999999999991914,32,117.99999999999653,16.43,2371.2599999999866,SSSW,provisional_assumed_short_to_long,0
4.11,47,79.999999999997328,38,52,44.000000000001336,58.999999999997335,32,114.00000000000533,16.43,2370.2600000000016,SSSW,provisional_assumed_short_to_long,0
4.12,46.50000000000022,79.500000000000227,38.999999999999559,51.50000000000022,44,65.499999999997115,32,113.00000000000044,16.439999999999998,2369.2500000000005,SSSW,provisional_assumed_short_to_long,0
4.13,46,78.999999999999559,40,51.000000000000448,44.000000000000448,72.000000000002672,32,112.00000000000577,16.410000000000004,2371.3000000000002,SSSW,provisional_assumed_short_to_long,0
4.14,46,77.999999999985349,40,52,44.999999999998664,77.999999999993335,32,124.99999999999733,16.420000000000009,2371.2800000000007,SSSW,provisional_assumed_short_to_long,0
4.15,46,66.99999999999423,40,52,44.000000000002309,73.000000000003467,32,123.00000000000347,16.425000000000011,2371.7700000000013,SSSW,provisional_assumed_short_to_long,0
4.16,46,64.500000000006224,40,52,44.999999999997513,74.499999999996277,32,124.49999999999628,16.43,2372.2600000000034,SSSW,provisional_assumed_short_to_long,0
4.17,46,62.000000000018204,40,52,45.999999999992717,75.999999999989072,32,125.99999999998907,16.430000000000042,2373.2700000000409,SSSW,provisional_assumed_short_to_long,0
4.18,45.000000000006395,63.99999999998721,40,52.999999999993605,45.000000000006395,68.000000000051159,32,125.00000000000639,16.439999999999952,2383.2600000000152,SSSW,provisional_assumed_short_to_long,0
4.19,45,60.000000000021672,40,52.000000000005414,45.999999999994586,66.000000000010829,32,122.00000000001626,16.43,2386.2700000000536,SSSW,provisional_assumed_short_to_long,0
4.20,41.000000000018119,57.000000000013586,40,52.999999999995467,46,65.000000000004533,32,116.00000000002717,16.430000000000067,2395.2800000000343,SSSW,provisional_assumed_short_to_long,0
4.21,41,51.000000000021849,40.999999999996362,53.999999999996362,49.999999999985434,52.000000000047336,32,115.00000000000364,16.440000000000119,2400.2700000000191,SSSW,provisional_assumed_short_to_long,0
4.22,39.500000000004128,49.000000000005507,40.500000000001378,53.500000000001378,52.499999999993115,50.000000000005507,32,110.00000000001377,16.455000000000044,2402.7450000000072,SSSW,provisional_assumed_short_to_long,0
4.23,38.000000000002665,47.000000000003553,40.000000000000888,53.000000000000888,54.999999999995559,48.000000000003553,32,105.00000000000888,16.46999999999997,2405.2199999999953,SSSW,provisional_assumed_short_to_long,0
4.24,37.000000000000888,42.000000000004441,36.000000000003553,53,58.999999999996447,48.999999999999112,32,101.00000000000355,16.460000000000008,2412.2399999999934,SSSW,provisional_assumed_short_to_long,0
4.25,37,42.5,36,53,59,49,32,103,16.489999999999998,2417.1900000000001,SSSW,provisional_assumed_short_to_long,0
4.26,37,42.999999999992895,36.000000000000888,53,59,49,32,105.00000000001421,16.47000000000001,2417.2300000000046,SSSW,provisional_assumed_short_to_long,0
4.27,37,35,37.000000000001869,53.000000000001869,58.999999999998131,48.999999999998131,31.999999999998135,121.00000000001492,16.480000000000011,2422.2300000000009,SSSW,provisional_assumed_short_to_long,0
4.28,37,35.00000000000275,38.000000000001378,54,58.000000000001378,48,31.000000000001375,129.00000000002478,16.485000000000014,2422.7150000000011,SSSW,provisional_assumed_short_to_long,0
4.29,37,35.999999999997954,38.499999999998977,54,58.499999999998977,48,31.499999999998977,137.99999999998161,16.490000000000144,2423.2000000000144,SSSW,provisional_assumed_short_to_long,0
4.30,37,36.999999999993165,38.999999999996582,54,58.999999999996582,48,31.999999999996582,146.99999999993844,16.530000000000001,2427.1400000000181,SSSW,provisional_assumed_short_to_long,0
4.31,37,37,39.999999999994138,54,70.999999999929656,48.999999999994138,32,156.99999999994139,16.530000000000001,2431.1300000000224,SSSW,provisional_assumed_short_to_long,0
4.32,37.999999999995026,36.000000000004974,41.999999999990052,54.999999999995026,73.999999999985079,51.999999999985079,32,166.99999999995026,16.529999999999937,2435.1400000000062,SSSW,provisional_assumed_short_to_long,0
4.33,38.499999999997954,39.499999999985704,43.499999999993875,59.499999999981611,83.999999999959144,52.499999999997954,32,168.49999999999386,16.519999999999854,2436.1700000000001,SSSW,provisional_assumed_short_to_long,0
4.34,38.999999999998401,42.999999999988809,44.999999999995204,63.999999999985612,93.999999999968026,52.999999999998401,32,169.9999999999952,16.500000000000064,2436.1900000000001,SSSW,provisional_assumed_short_to_long,0
4.35,41.999999999993335,52.999999999977796,45,64,107.99999999996891,53,31.00000000000222,176.99999999998445,16.495000000000012,2435.7000000000012,SSSW,provisional_assumed_short_to_long,0
4.36,44.999999999996007,55.999999999996007,45.999999999998664,64,111.99999999999467,53,31.999999999998668,177,16.490000000000006,2435.2100000000005,SSSW,provisional_assumed_short_to_long,0
4.37,46.999999999999112,59.999999999998224,46.999999999999559,64,118.99999999999689,63.999999999995111,38.999999999996888,191.99999999999335,16.340000000000067,2383.410000000023,SSSW,provisional_assumed_short_to_long,0
4.38,91.000000000024869,65.999999999999559,47,67.000000000009777,141.00000000000665,73.000000000008882,79.000000000015547,205.00000000000355,15.979999999999743,2288.7999999999888,SSSW,provisional_assumed_short_to_long,0
4.39,147.00000000003465,65.000000000008001,47,89.00000000001333,156.00000000000401,93.000000000003993,114.00000000004796,213.00000000001864,15.399999999999041,2263.4999999999568,SSSW,provisional_assumed_short_to_long,0
4.40,172.99999999996766,70.999999999990763,47,99.000000000009237,159.0000000000023,96.000000000006935,150.00000000002541,227.00000000003925,14.679999999999792,2231.0100000002062,SSSW,provisional_assumed_short_to_long,0
4.41,158.99999999999042,67.00000000001279,47,103.00000000000639,160.00000000000958,99.000000000006395,160.99999999993605,244.00000000001279,14.590000000000144,2320.1900000002001,SSSW,provisional_assumed_short_to_long,0
4.42,156.00000000002186,70.999999999970868,47,104.99999999998543,162.99999999997814,100.99999999998543,141.00000000014566,247.99999999997087,14.635000000000183,2382.7600000002558,SSSW,provisional_assumed_short_to_long,0
4.43,182.99999999982734,71,47.999999999993605,126.99999999985931,163.99999999999361,116.99999999989768,116.00000000015987,271.99999999984652,14.680000000000895,2445.3300000005029,SSSW,provisional_assumed_short_to_long,0
4.44,202.99999999989166,77.999999999962071,48.999999999994586,147.99999999988623,172.99999999995123,129.99999999992957,128.99999999992957,287.99999999991331,14.86000000000006,2546.4200000005476,SSSW,provisional_assumed_short_to_long,0
4.45,219.99999999992301,86.999999999959229,49,156.99999999995924,183.99999999995018,149.99999999990939,157.99999999986863,303.99999999992752,14.87000000000041,2638.4500000001985,SSSW,provisional_assumed_short_to_long,0
4.46,237.99999999993446,83.000000000014566,49,160.99999999998545,190.99999999997451,146.00000000001455,174.9999999999381,303.00000000000364,14.929999999999923,2667.4800000004252,SSSW,provisional_assumed_short_to_long,0
4.47,238.99999999999724,83.999999999997243,49,167.99999999998073,193.99999999999173,144.00000000000551,178.99999999998897,302.00000000000273,14.920000000000027,2722.4799999998486,SSSW,provisional_assumed_short_to_long,0
4.48,228.00000000001955,80.000000000007105,49.999999999998224,176.99999999998403,190.00000000000711,143.00000000000176,174.00000000000887,294.00000000001421,14.910000000000018,2761.5099999999311,SSSW,provisional_assumed_short_to_long,0
4.49,226.00000000000176,80.999999999999119,50.999999999999112,177.99999999999912,187.00000000000267,142.00000000000088,161.00000000001154,294,14.91,2777.5149999999858,SSSW,provisional_assumed_short_to_long,0
4.50,224,81,51,179,186,147,149,292,14.91,2793.52,SSSW,provisional_assumed_short_to_long,0
4.51,225.99999999999557,83,50.000000000000888,179,183.99999999999821,150.00000000000534,150.00000000000088,289.00000000000091,14.900000000000009,2843.5400000000195,SSSW,provisional_assumed_short_to_long,0
4.52,220.99999999999068,82.999999999994401,50.999999999998131,178.9999999999944,181.9999999999944,156.00000000000372,150.99999999999253,289.99999999998693,14.910000000000037,2865.530000000032,SSSW,provisional_assumed_short_to_long,0
4.53,215.99999999998624,79.999999999972474,50,175.99999999999449,178.99999999997522,157.99999999999724,146.99999999997797,282.99999999998897,14.93000000000011,2882.5400000000386,SSSW,provisional_assumed_short_to_long,0
4.54,211.00000000003863,70.000000000077279,50,174.00000000001546,170.00000000006955,157.00000000000773,139.00000000006182,279.00000000003092,14.970000000000111,2896.5200000000054,SSSW,provisional_assumed_short_to_long,0
4.55,182.00000000019833,67.00000000002052,49.000000000006835,174,160.00000000006838,152.00000000003419,137.00000000001367,274.00000000003422,15.000000000000135,2898.0100000000066,SSSW,provisional_assumed_short_to_long,0
4.56,171.00000000006449,66.000000000005855,49,173.00000000000585,156.00000000002345,155.99999999997655,146.99999999994139,267.00000000004104,15.03000000000033,2899.5,SSSW,provisional_assumed_short_to_long,0
4.57,158.00000000006466,71.999999999970157,49,166.00000000003482,150.00000000002984,143.00000000006466,147.99999999999503,263.0000000000199,15.090000000000384,2899.4799999999486,SSSW,provisional_assumed_short_to_long,0
4.58,148.00000000004087,72,49.999999999995914,162.00000000001634,150,146.99999999998366,149.99999999999181,255.00000000003268,15.150000000000437,2891.4499999999557,SSSW,provisional_assumed_short_to_long,0
4.59,132.00000000005116,72.999999999996803,50,156.00000000001918,148.00000000000639,143.00000000001279,159.99999999996803,250.00000000001597,15.209999999999809,2885.4200000000192,SSSW,provisional_assumed_short_to_long,0
4.60,117.00000000003331,70.000000000006665,50,155.00000000000222,149.99999999999557,134.00000000001998,163.99999999999113,233.00000000003774,15.269999999999866,2872.390000000029,SSSW,provisional_assumed_short_to_long,0
4.61,115.00000000000267,76.999999999990678,50,145.00000000001333,145.00000000000665,133.00000000000134,163.00000000000134,213.00000000002666,15.32999999999992,2870.3700000000026,SSSW,provisional_assumed_short_to_long,0
4.62,97.000000000007987,70.000000000003112,50,142.00000000000134,141.00000000000176,133,153.00000000000443,200.00000000000577,15.359999999999987,2866.3500000000017,SSSW,provisional_assumed_short_to_long,0
4.63,88.999999999999559,72.999999999999105,48.999999999999552,136.99999999999912,128.99999999999378,128.9999999999969,154.00000000000355,201.00000000000134,15.390000000000015,2862.3300000000004,SSSW,provisional_assumed_short_to_long,0
4.64,87.99999999998667,71.000000000006665,48,134.99999999999466,114.99999999998934,121.99999999999601,161.99999999999201,204.00000000000534,15.420000000000107,2863.3099999999945,SSSW,provisional_assumed_short_to_long,0
4.65,78.000000000011553,76,48,130.9999999999977,107,118.99999999999768,156.0000000000023,208,15.500000000000069,2859.1300000000138,SSSW,provisional_assumed_short_to_long,0
4.66,83.00000000001279,76.000000000015987,48,129.99999999999682,106.99999999998082,117.9999999999968,157.00000000001918,207.99999999999361,15.530000000000095,2865.0999999999967,SSSW,provisional_assumed_short_to_long,0
4.67,86.999999999970868,80.999999999963592,48,129.00000000000728,101.0000000000437,117.00000000000728,162.99999999995629,206.00000000001455,15.560000000000082,2864.0700000000206,SSSW,provisional_assumed_short_to_long,0
4.68,97.999999999929656,88.999999999948841,48,128.00000000000639,110.99999999993605,117.99999999999361,155.00000000005116,210.99999999996803,15.580000000000075,2869.0500000000347,SSSW,provisional_assumed_short_to_long,0
4.69,106.99999999995124,102.99999999992414,48,128,120.99999999994583,118.99999999999459,148.00000000003791,215.99999999997291,15.595000000000089,2876.0400000000418,SSSW,provisional_assumed_short_to_long,0
4.70,98.000000000040771,113.99999999995018,48,128,120.00000000000453,120.99999999999093,147.00000000000452,223.99999999996376,15.609999999999863,2883.0299999999393,SSSW,provisional_assumed_short_to_long,0
4.71,103.99999999997814,126.99999999995266,48.999999999996362,128,120.99999999999636,126.99999999997814,146.00000000000364,228.99999999998178,15.590000000000076,2874.0900000000311,SSSW,provisional_assumed_short_to_long,0
4.72,102.00000000000551,129.99999999999173,49,128,123.99999999999174,127.99999999999724,146,230.99999999999449,15.599999999999973,2878.0899999999892,SSSW,provisional_assumed_short_to_long,0
4.73,110.99999999998401,140.99999999998045,49,128.99999999999824,123.00000000000178,129.99999999999645,147.99999999999645,236.99999999998934,15.629999999999947,2880.0699999999965,SSSW,provisional_assumed_short_to_long,0
4.74,111.99999999999912,144.99999999999645,48.000000000000888,129.99999999999912,125.99999999999733,131.99999999999824,145.00000000000267,241.99999999999557,15.659999999999973,2907.0199999999759,SSSW,provisional_assumed_short_to_long,0
4.75,111,153,48,131,125,132,143,240,15.710000000000001,2911.9499999999998,SSSW,provisional_assumed_short_to_long,0
4.76,117.0000000000009,150.00000000000711,48.000000000000888,131.00000000000088,122.99999999999822,132.00000000000179,151.99999999999289,244.00000000000443,15.730000000000018,2910.4249999999988,SSSW,provisional_assumed_short_to_long,0
4.77,118.00000000000186,157.99999999999812,49,132.00000000000188,120.99999999999814,133.99999999999628,144,249.0000000000168,15.750000000000149,2908.900000000011,SSSW,provisional_assumed_short_to_long,0
4.78,119.00000000001927,157.00000000001376,49,133,120.00000000001651,131.99999999998624,144.00000000001376,258,15.830000000000194,2914.7500000000632,SSSW,provisional_assumed_short_to_long,0
4.79,125.99999999994591,161.99999999996137,49,133,125.99999999995364,127.00000000003864,148.99999999996137,258,15.900000000000437,2937.6300000000247,SSSW,provisional_assumed_short_to_long,0
4.80,131.99999999995896,166.99999999996581,49,133.99999999999315,125.00000000000684,136.99999999993162,147.00000000001367,264.99999999995214,16.020000000000859,2944.4000000000301,SSSW,provisional_assumed_short_to_long,0
4.81,133.99999999998829,172.99999999996481,49.999999999994138,136.99999999998241,130.99999999996481,137.99999999999415,153.99999999995896,270.99999999996481,16.210000000000939,2951.0300000001362,SSSW,provisional_assumed_short_to_long,0
4.82,136.99999999998508,179.99999999996518,50,143.99999999996518,131.99999999999503,146.99999999995524,159.99999999997016,281.99999999994532,16.380000000000447,2975.6999999999198,SSSW,provisional_assumed_short_to_long,0
4.83,142.9999999999755,182.99999999998775,50,150.99999999997141,136.99999999997956,152.9999999999755,160,289.99999999996732,16.450000000000109,2963.1549999999797,SSSW,provisional_assumed_short_to_long,0
4.84,145.99999999999039,188.99999999998082,50,158.99999999997442,137,157.99999999998403,161.99999999999361,295.99999999998079,16.519999999999776,2950.6100000000401,SSSW,provisional_assumed_short_to_long,0
4.85,153.99999999998224,189.99999999999778,50,163.99999999998889,141.99999999998889,158,162.99999999999778,302.99999999998448,16.679999999999644,2966.2999999999652,SSSW,provisional_assumed_short_to_long,0
4.86,159.99999999999201,190.99999999999866,50,171.99999999998934,143.99999999999733,158,165.99999999999599,306.99999999999466,16.789999999999853,2951.1600000000199,SSSW,provisional_assumed_short_to_long,0
4.87,161.99999999999912,191.99999999999955,50.999999999999559,181.99999999999557,154.99999999999511,158.99999999999955,165.00000000000045,314.99999999999648,16.780000000000005,2943.2200000000034,SSSW,provisional_assumed_short_to_long,0
4.88,165.00000000000088,193.00000000000179,51,187.00000000000134,158.00000000000355,160.0000000000031,175.00000000000045,320.00000000000222,16.86000000000001,2956.0800000000013,SSSW,provisional_assumed_short_to_long,0
4.89,167.00000000000401,197.00000000000267,51,190.00000000000401,166.00000000000534,167.00000000000534,176.00000000001066,325.00000000000131,16.885000000000034,2959.0350000000039,SSSW,provisional_assumed_short_to_long,0
4.90,170.00000000000693,198.9999999999977,51,193.0000000000023,170.00000000000463,171.00000000000693,184.00000000001387,326.00000000000927,16.910000000000231,2961.9900000000644,SSSW,provisional_assumed_short_to_long,0
4.91,172.99999999999361,197.99999999999682,51,194.00000000000318,172.00000000000639,174.00000000000318,190,330.00000000000318,17.010000000000097,2989.9199999999937,SSSW,provisional_assumed_short_to_long,0
4.92,171.00000000001455,197.00000000000728,51,194.99999999999272,173.99999999998545,174.99999999999272,190,330.99999999999272,17.039999999999957,2987.8599999999919,SSSW,provisional_assumed_short_to_long,0
4.93,172.99999999998721,196.00000000000639,50.000000000006395,195,174.99999999999361,177.99999999998082,189.00000000000639,329.00000000001279,17.029999999999802,2985.8999999999755,SSSW,provisional_assumed_short_to_long,0
4.94,173.99999999999457,194.00000000001083,50.999999999994586,193.00000000001083,173.00000000001083,181.99999999997834,186.00000000001626,323.00000000003251,16.990000000000475,2980.999999999975,SSSW,provisional_assumed_short_to_long,0
4.95,174,190.00000000001813,51,190.00000000001359,169.00000000001813,178.00000000001813,178.00000000003624,314.00000000004076,17.070000000000068,2976.809999999959,SSSW,provisional_assumed_short_to_long,0
4.96,176.99999999998909,181.00000000003277,50.000000000003638,177.00000000004735,163.00000000002186,172.00000000002186,173.00000000001822,305.0000000000328,17.08000000000002,2970.7949999999878,SSSW,provisional_assumed_short_to_long,0
4.97,181.99999999998624,173.00000000002203,50,167.00000000002754,157.00000000001651,165.00000000001927,173,296.00000000002478,17.089999999999971,2964.7800000000166,SSSW,provisional_assumed_short_to_long,0
4.98,179.00000000000534,165.00000000001421,48.000000000003553,150.00000000003018,146.00000000001955,158.00000000001245,163.00000000001776,278.00000000003195,16.980000000000196,2912.8300000000922,SSSW,provisional_assumed_short_to_long,0
4.99,177.00000000000176,155.00000000000887,47.000000000000888,135.00000000001333,130.00000000001421,146.00000000001066,155.00000000000711,250.00000000002487,16.940000000000037,2847.8500000000577,SSSW,provisional_assumed_short_to_long,0
5.00,174,148,45,102,104,132,137,227,16.960000000000001,2809.7600000000002,SSSW,provisional_assumed_short_to_long,0
5.01,167.99999999999022,133.9999999999778,44.999999999994671,90.999999999979565,91.999999999976907,101.99999999998489,105.99999999996713,209.99999999999201,17.020000000000064,2785.6099999999669,SSSW,provisional_assumed_short_to_long,0
5.02,156.99999999997388,108.99999999998322,38.999999999998131,67.999999999994401,65.999999999985079,84.999999999953374,68.999999999972019,200.9999999999832,17.090000000000028,2748.4599999999814,SSSW,provisional_assumed_short_to_long,0
5.03,142.99999999994768,99.999999999969717,37.99999999998348,64.999999999997243,57.999999999994493,59.99999999998348,53.99999999998348,191.99999999998073,17.105000000000043,2738.4249999999724,SSSW,provisional_assumed_short_to_long,0
5.04,124.00000000014681,89.000000000084995,32.000000000046363,64.000000000007731,56.000000000015454,54.000000000046363,48.000000000046363,185.00000000005409,17.119999999999745,2728.3899999999094,SSSW,provisional_assumed_short_to_long,0
5.05,109.00000000010259,79.000000000068383,30.000000000013678,63.000000000006835,52.000000000027356,54.999999999993165,44.000000000027356,172.0000000000889,17.049999999999457,2703.4799999998695,SSSW,provisional_assumed_short_to_long,0
5.06,90.000000000111385,69.00000000005862,31.999999999988276,63,50.000000000011724,61.999999999958966,39.00000000002931,161.00000000006449,16.929999999999559,2674.6899999998573,SSSW,provisional_assumed_short_to_long,0
5.07,62.000000000139266,61.00000000003979,32.999999999995026,60.000000000014921,48.000000000009948,72.999999999945288,37.000000000009948,152.00000000004476,16.849999999999426,2648.7999999996364,SSSW,provisional_assumed_short_to_long,0
5.08,56.000000000024514,54.000000000028599,32.000000000004086,55.000000000020428,48,79.999999999971408,35.000000000008171,143.00000000003678,16.759999999999639,2591.9199999995744,SSSW,provisional_assumed_short_to_long,0
5.09,48.00000000002558,57.99999999998721,31.000000000003197,55,46.000000000006395,82.999999999990408,33.000000000006395,134.00000000002876,16.709999999999877,2533.4549999998544,SSSW,provisional_assumed_short_to_long,0
5.10,48,58.999999999997783,31.99999999999778,54.000000000002217,46,79.000000000008882,33,130.00000000000887,16.66000000000011,2474.9900000001294,SSSW,provisional_assumed_short_to_long,0
5.11,47.000000000001336,67.999999999988006,33.999999999997335,54,46,82.999999999994671,33,130.99999999999866,16.56000000000013,2349.030000000168,SSSW,provisional_assumed_short_to_long,0
5.12,46.000000000000441,72.999999999997783,34,54,46,74.000000000003993,33,123.00000000000355,16.470000000000038,2241.0500000000479,SSSW,provisional_assumed_short_to_long,0
5.13,47,66.999999999998224,33.000000000000888,53.999999999999112,46,65.999999999998224,33,115.99999999999467,16.460000000000012,2241.0599999999999,SSSW,provisional_assumed_short_to_long,0
5.14,46.999999999998664,63,35,52.000000000001336,46,61.999999999989342,33,103.99999999999467,16.479999999999972,2241.0200000000054,SSSW,provisional_assumed_short_to_long,0
5.15,46,62.999999999997691,35.000000000002309,53,46,53.999999999995381,33,99.999999999972289,16.460000000000012,2245.0600000000059,SSSW,provisional_assumed_short_to_long,0
5.16,45.999999999996803,61.999999999984013,35.999999999996803,53,46,51.999999999996803,32.999999999996803,88.00000000002558,16.465000000000018,2247.555000000008,SSSW,provisional_assumed_short_to_long,0
5.17,45.000000000007283,57.000000000036415,35.000000000007283,53,46,51.000000000007283,32.000000000007283,95.999999999941735,16.469999999999956,2250.0500000000247,SSSW,provisional_assumed_short_to_long,0
5.18,45,59.999999999980815,36.99999999998721,53,45.000000000006395,51,31.000000000006395,89.000000000044764,16.459999999999951,2256.0699999999952,SSSW,provisional_assumed_short_to_long,0
5.19,45.999999999994586,64.999999999972914,37.999999999994586,53,45.999999999994586,51,31.999999999994582,89,16.45000000000006,2255.0800000000713,SSSW,provisional_assumed_short_to_long,0
5.20,45.000000000004533,62.000000000013586,38,53,46,51,32,87.000000000009067,16.460000000000068,2267.0800000000545,SSSW,provisional_assumed_short_to_long,0
5.21,45,60.000000000007283,38,53,46,51.999999999996362,32,85.000000000007276,16.470000000000077,2275.0800000000695,SSSW,provisional_assumed_short_to_long,0
5.22,45,66.99999999998073,37.000000000002757,53,45.000000000002757,58.99999999998073,32,87.999999999991743,16.479999999999972,2284.0799999999754,SSSW,provisional_assumed_short_to_long,0
5.23,45,68.999999999996447,37,53,45,61.999999999994671,32,83.000000000008882,16.48,2289.58499999999,SSSW,provisional_assumed_short_to_long,0
5.24,45,68.000000000000881,37,53,45.999999999999112,69.999999999992895,31.000000000000888,83.999999999999119,16.48,2295.0899999999951,SSSW,provisional_assumed_short_to_long,0
5.25,45,70,38,53,46,65,32,82,16.48,2303.0900000000001,SSSW,provisional_assumed_short_to_long,0
5.26,44.000000000000888,72.999999999995552,39,53,46,67,32,82.000000000002672,16.480000000000011,2306.0900000000029,SSSW,provisional_assumed_short_to_long,0
5.27,45,68.000000000003737,39.000000000001869,53,46.000000000001869,67.000000000003737,32,85.000000000005599,16.489999999999998,2309.0800000000113,SSSW,provisional_assumed_short_to_long,0
5.28,44.99999999999725,70.000000000002757,39.99999999999725,52.99999999999725,46.99999999999725,68.999999999997243,31.999999999997247,88.0000000000055,16.490000000000027,2315.0800000000136,SSSW,provisional_assumed_short_to_long,0
5.29,44.000000000007731,70.999999999992269,39.000000000007731,52.000000000007731,46.000000000007731,68.000000000007731,31.000000000007727,89.999999999984539,16.5,2320.0800000000327,SSSW,provisional_assumed_short_to_long,0
5.30,42.000000000013678,64.000000000047876,39,52.999999999993165,46,65.00000000002052,31,89.000000000006835,16.5,2329.085000000041,SSSW,provisional_assumed_short_to_long,0
5.31,42,61.000000000017586,39.999999999994138,53,47.999999999988276,65.999999999994145,31,89.999999999994145,16.5,2338.0900000000279,SSSW,provisional_assumed_short_to_long,0
5.32,40.000000000009948,61.999999999995026,39.000000000004974,53,49.999999999990052,68.999999999985079,31,91.999999999990052,16.500000000000064,2343.1000000000254,SSSW,provisional_assumed_short_to_long,0
5.33,40.999999999995914,59.000000000012257,39,53,49.000000000004086,65.000000000016342,31.999999999995914,92,16.510000000000002,2347.0900000000001,SSSW,provisional_assumed_short_to_long,0
5.34,40.000000000003197,57.000000000006395,39,53,50.999999999993605,65,32,95.99999999998721,16.510000000000002,2347.0999999999999,SSSW,provisional_assumed_short_to_long,0
5.35,38.000000000004441,47.000000000022204,39,53,46.000000000011099,53.000000000026645,32.999999999997783,96,16.510000000000002,2359.0999999999731,SSSW,provisional_assumed_short_to_long,0
5.36,37.000000000001336,43.000000000005329,38.000000000001336,53,48.999999999996007,51.000000000002665,33,80.000000000021316,16.519999999999985,2368.0999999999881,SSSW,provisional_assumed_short_to_long,0
5.37,37,39.000000000001776,38.999999999999559,53,46.000000000001336,50.000000000000441,33,71.000000000003993,16.52,2371.5999999999985,SSSW,provisional_assumed_short_to_long,0
5.38,36.999999999996447,38.999999999999552,38.999999999999552,52.999999999999112,48.000000000000888,49,32.000000000000448,68.000000000003553,16.520000000000003,2375.1000000000022,SSSW,provisional_assumed_short_to_long,0
5.39,29,37.999999999997335,38.000000000001336,51.000000000001336,50.000000000001336,49,32.999999999998664,75.999999999994671,16.530000000000001,2380.0999999999945,SSSW,provisional_assumed_short_to_long,0
5.40,29,35.999999999995381,39,52,51.000000000002309,49,32,72.00000000002079,16.530000000000026,2376.0900000000233,SSSW,provisional_assumed_short_to_long,0
5.41,29.000000000019185,34.000000000006395,38.999999999996803,52.000000000006395,52,48.999999999996803,31.999999999996803,81.000000000009592,16.540000000000031,2386.0800000000063,SSSW,provisional_assumed_short_to_long,0
5.42,34.999999999956302,35.999999999985434,38.000000000007283,53.999999999985434,52,48.000000000007283,31.000000000007283,83.999999999978144,16.550000000000043,2388.0700000000043,SSSW,provisional_assumed_short_to_long,0
5.43,35.999999999993605,30.000000000038369,38.999999999993605,54,52,48,31.999999999993605,92.999999999942446,16.560000000000123,2389.0400000000095,SSSW,provisional_assumed_short_to_long,0
5.44,36,34.999999999972914,38.000000000005414,54,55.999999999978328,48,32,100.99999999995666,16.585000000000147,2391.0050000000115,SSSW,provisional_assumed_short_to_long,0
5.45,36.999999999995467,35,38.999999999995467,54.999999999995467,57.999999999990941,48,32,125.99999999988675,16.609999999999999,2392.9700000000612,SSSW,provisional_assumed_short_to_long,0
5.46,36.000000000003638,32.000000000010928,40.999999999992717,55,58.999999999996362,48.999999999996362,32,145.99999999992718,16.609999999999999,2401.9600000000387,SSSW,provisional_assumed_short_to_long,0
5.47,37.999999999994493,34.999999999991743,42.999999999994493,60.99999999998348,59,48.000000000002757,31.000000000002753,153.99999999997797,16.609999999999999,2406.9699999999862,SSSW,provisional_assumed_short_to_long,0
5.48,38,35.999999999998224,43.999999999998224,64.999999999992895,59.999999999998224,48.999999999998224,31,154,16.609999999999999,2409.9699999999943,SSSW,provisional_assumed_short_to_long,0
5.49,39.999999999998224,46.99999999999023,44.999999999999112,65.999999999999119,69.999999999991118,48.000000000000888,31,160.99999999999378,16.609999999999999,2409.98,SSSW,provisional_assumed_short_to_long,0
5.50,42,49,46,66,87,48,32,165,16.550000000000001,2407.0500000000002,SSSW,provisional_assumed_short_to_long,0
5.51,42.000000000002665,59,47,66.000000000001776,106.000000000008,50.000000000002665,33.000000000000888,173.00000000000534,16.47999999999994,2400.1449999999941,SSSW,provisional_assumed_short_to_long,0
5.52,45.00000000000373,59.000000000007461,47.000000000001869,68.000000000018659,115.00000000003544,53.000000000024251,34.00000000001679,179.00000000003544,16.409999999999087,2393.2399999998215,SSSW,provisional_assumed_short_to_long,0
5.53,47.000000000055067,63.000000000008257,48,78.00000000003854,134.00000000003303,66.00000000001377,43.000000000156938,198.00000000005505,15.919999999998128,2297.7600000000516,SSSW,provisional_assumed_short_to_long,0
5.54,66.999999999845457,65.999999999976822,48,91.999999999891827,145.99999999990729,70.999999999961361,99.999999999559549,217.99999999984544,15.239999999998179,2316.3600000000602,SSSW,provisional_assumed_short_to_long,0
5.55,95.999999999801673,66.999999999993165,48,98.999999999952124,156.99999999992477,88.999999999876906,139.99999999972644,224.99999999995214,14.739999999998957,2332.789999999919,SSSW,provisional_assumed_short_to_long,0
5.56,123.99999999983586,72.999999999964828,45.000000000017586,111.9999999999238,164.9999999999531,97.999999999947249,133.00000000004104,242.9999999998945,14.510000000000275,2314.9500000008543,SSSW,provisional_assumed_short_to_long,0
5.57,132.99999999995524,72.000000000004974,45.999999999995026,120.99999999995524,174.99999999995026,101.9999999999801,113.00000000009948,268.99999999987068,14.560000000000096,2470.0900000004926,SSSW,provisional_assumed_short_to_long,0
5.58,147.99999999993872,78.999999999971408,47.999999999991829,125.99999999997956,181.99999999997141,123.99999999991012,116.99999999998366,278.99999999995913,14.575000000000024,2547.1200000001231,SSSW,provisional_assumed_short_to_long,0
5.59,155.99999999997442,85.999999999977618,48.999999999996803,137.99999999996163,189.99999999997442,129.99999999998082,140.99999999992326,295.99999999994566,14.589999999999952,2624.1499999997536,SSSW,provisional_assumed_short_to_long,0
5.60,170.99999999996669,83.000000000006665,49.999999999997783,140.99999999999335,195.99999999998667,133.99999999999113,150.9999999999778,311.99999999996447,14.709999999999734,2697.139999999838,SSSW,provisional_assumed_short_to_long,0
5.61,181.99999999998533,78.000000000006665,50,142.99999999999733,198.99999999999599,137.99999999999466,157.99999999999068,317.99999999999199,14.76999999999992,2742.16999999994,SSSW,provisional_assumed_short_to_long,0
5.62,173.00000000000401,71.000000000003112,50,142.00000000000045,186.00000000000577,135.00000000000134,152.00000000000267,318.99999999999955,14.809999999999983,2780.2099999999832,SSSW,provisional_assumed_short_to_long,0
5.63,166.99999999999955,67.999999999998224,49.999999999999552,142.00000000000179,176,131.99999999999955,149.00000000000134,315.99999999999244,14.809999999999995,2800.2600000000052,SSSW,provisional_assumed_short_to_long,0
5.64,165.99999999999068,64,49.000000000002665,146.00000000000932,175.99999999999466,131.00000000000534,151.99999999998934,298.9999999999867,14.799999999999986,2811.270000000015,SSSW,provisional_assumed_short_to_long,0
5.65,158.99999999998846,64.000000000001151,51,153.00000000000117,172,135,144.0000000000023,288.99999999999079,14.789999999999884,2822.2800000000716,SSSW,provisional_assumed_short_to_long,0
5.66,154.00000000001245,64.499999999998749,51,153.49999999999875,172,135,144.9999999999975,285.00000000000995,14.739999999999904,2853.2900000000832,SSSW,provisional_assumed_short_to_long,0
5.67,149.00000000003641,64.999999999996362,51,153.99999999999636,172,135,145.99999999999272,281.0000000000291,14.709999999999919,2879.3100000001023,SSSW,provisional_assumed_short_to_long,0
5.68,138.00000000007034,63.00000000001279,51,154,169.00000000001918,135,140.00000000003837,282.99999999998721,14.6899999999999,2904.3200000000897,SSSW,provisional_assumed_short_to_long,0
5.69,127.0000000000596,65.999999999983743,50.000000000005414,154,162.00000000003791,144.99999999994583,135.00000000002709,279.00000000002166,14.67000000000006,2922.3200000000952,SSSW,provisional_assumed_short_to_long,0
5.70,120.0000000000317,62.000000000018119,50.999999999995467,154,158.00000000001813,146.99999999999093,135.99999999999548,279,14.680000000000067,2938.3100000000309,SSSW,provisional_assumed_short_to_long,0
5.71,116.00000000001457,59.000000000010928,50.000000000003638,154.99999999999636,155.00000000001091,141.00000000002186,126.00000000003641,281.99999999998909,14.690000000000019,2942.8000000000093,SSSW,provisional_assumed_short_to_long,0
5.72,118.49999999999312,59,49.500000000001378,155.49999999999864,153.00000000000551,138.00000000000827,128.49999999999312,282.49999999999864,14.699999999999971,2947.2899999999877,SSSW,provisional_assumed_short_to_long,0
5.73,120.99999999999557,59,49.000000000000888,155.99999999999912,151.00000000000355,135.00000000000534,130.99999999999557,282.99999999999909,14.699999999999999,2962.2899999999731,SSSW,provisional_assumed_short_to_long,0
5.74,114.50000000000577,60.499999999998664,49,152.00000000000355,148.00000000000267,131.5000000000031,129.00000000000176,280.50000000000222,14.709999999999992,2968.2799999999947,SSSW,provisional_assumed_short_to_long,0
5.75,108,62,49,148,145,128,127,278,14.74,2972.2600000000002,SSSW,provisional_assumed_short_to_long,0
5.76,95.999999999972459,67.999999999997328,49,143.99999999999022,137.99999999998755,126.99999999999112,122.00000000000355,271.99999999998221,14.750000000000014,2978.2600000000007,SSSW,provisional_assumed_short_to_long,0
5.77,64.999999999984141,64.999999999994401,48.999999999999069,132.99999999999255,123.99999999999068,116.99999999999906,125.99999999999814,251.99999999998695,14.765000000000027,2978.7500000000009,SSSW,provisional_assumed_short_to_long,0
5.78,56.500000000024912,62.000000000008797,48.500000000001464,129.00000000001171,119.00000000001465,116.50000000000146,125.00000000000293,245.00000000002052,14.780000000000083,2979.2400000000243,SSSW,provisional_assumed_short_to_long,0
5.79,48.000000000065683,59.000000000023178,48.000000000003865,125.00000000003091,114.00000000003864,116.00000000000387,124.00000000000773,238.00000000005409,14.81000000000051,2988.2199999999198,SSSW,provisional_assumed_short_to_long,0
5.80,48,61.99999999997948,48.999999999993165,110.00000000010259,111.00000000002052,110.00000000004104,127.99999999997264,227.00000000007523,14.950000000000227,2966.1899999999819,SSSW,provisional_assumed_short_to_long,0
5.81,46.000000000011724,56.000000000035172,48.000000000005862,98.000000000070344,99.000000000070344,102.0000000000469,116.00000000007034,221.00000000003519,15.00000000000022,2962.1599999999944,SSSW,provisional_assumed_short_to_long,0
5.82,46,58.999999999985079,48,95.000000000014921,82.000000000084555,90.000000000059686,130.99999999992539,216.00000000002487,15.040000000000255,2961.1300000000128,SSSW,provisional_assumed_short_to_long,0
5.83,45.000000000004086,64.999999999975486,48,94.000000000004093,79.00000000001225,93.999999999983658,136.9999999999755,215.00000000000409,15.080000000000108,2963.110000000022,SSSW,provisional_assumed_short_to_long,0
5.84,43.000000000006395,64.000000000003197,48.999999999996803,94.999999999996803,73.000000000019185,89.000000000015987,124.00000000004157,224.99999999996803,15.095000000000038,2966.1000000000076,SSSW,provisional_assumed_short_to_long,0
5.85,43,65.999999999995566,47.000000000004441,94.000000000002217,66.000000000015547,90.999999999995566,126.99999999999334,219.00000000001333,15.109999999999966,2969.0899999999933,SSSW,provisional_assumed_short_to_long,0
5.86,43,69.999999999994671,47,94,68.999999999996007,93.999999999996007,127,219.99999999999866,15.149999999999947,2974.0699999999933,SSSW,provisional_assumed_short_to_long,0
5.87,43,74.999999999997783,46.000000000000441,94,76.999999999996447,95.999999999999119,119.00000000000355,222.99999999999866,15.169999999999991,2982.0599999999963,SSSW,provisional_assumed_short_to_long,0
5.88,43.000000000000448,80.000000000002217,46,94,81,98.999999999999559,109,226.00000000000222,15.190000000000005,2992.04,SSSW,provisional_assumed_short_to_long,0
5.89,44.000000000001336,85.00000000001998,46.000000000002665,93.999999999998664,81.000000000002672,98.000000000003993,109.00000000000267,231.00000000000534,15.200000000000026,2992.0200000000068,SSSW,provisional_assumed_short_to_long,0
5.90,45,100.00000000001847,47.999999999997691,93.000000000002316,83.000000000011553,101.00000000000232,111.00000000002079,235.00000000000924,15.220000000000045,2997.0050000000115,SSSW,provisional_assumed_short_to_long,0
5.91,45.000000000003197,108.00000000002558,47.000000000003197,94,88.00000000001279,102.0000000000032,119.99999999998401,239.00000000000639,15.240000000000096,3001.9900000000189,SSSW,provisional_assumed_short_to_long,0
5.92,45.999999999992717,115.99999999994174,47.999999999992717,94,91.999999999970868,102.99999999999272,115.00000000003641,240.99999999998545,15.270000000000245,3007.9600000000082,SSSW,provisional_assumed_short_to_long,0
5.93,51.999999999961631,125.99999999993605,47.000000000006395,94.999999999993605,93.99999999998721,105.99999999998082,115,245.99999999996803,15.330000000000298,3009.9200000000792,SSSW,provisional_assumed_short_to_long,0
5.94,52.999999999994586,138.99999999992957,47.999999999994586,95,93.000000000005414,106.99999999999459,116.99999999998917,245.00000000000543,15.390000000000358,3025.8600000000711,SSSW,provisional_assumed_short_to_long,0
5.95,66.999999999936591,141.99999999998641,48,98.999999999981881,94.999999999990933,109.99999999998641,112.00000000002265,252.99999999996376,15.45000000000041,3037.8000000000134,SSSW,provisional_assumed_short_to_long,0
5.96,70.999999999985434,149.99999999997087,48,99.999999999996362,98.999999999985434,113.99999999998543,114.99999999998907,253.99999999999636,15.51000000000027,3039.7400000000225,SSSW,provisional_assumed_short_to_long,0
5.97,80.999999999972459,150,48,101.99999999999449,99,116.99999999999174,113.00000000000551,255.99999999999449,15.545000000000103,3042.6950000000088,SSSW,provisional_assumed_short_to_long,0
5.98,83.999999999994671,150,48,106.99999999999112,101.99999999999467,115.00000000000355,117.99999999999112,254.00000000000355,15.579999999999938,3045.6499999999946,SSSW,provisional_assumed_short_to_long,0
5.99,84,149.00000000000088,48,109.99999999999733,102,115,120.99999999999733,260.9999999999938,15.659999999999929,3052.4999999999941,SSSW,provisional_assumed_short_to_long,0
6.00,98,156,48,114,100,121,127,268,15.75,3060.3299999999999,SSSW,provisional_assumed_short_to_long,0
6.01,106.00000000000178,163.99999999999912,48,119.00000000000267,104.00000000000711,123.00000000000355,131.00000000000711,278.00000000000534,15.810000000000089,3072.2500000000086,SSSW,provisional_assumed_short_to_long,0
6.02,108.00000000001492,163.00000000000747,48,122.0000000000112,112.00000000000932,127.00000000001492,139.00000000000747,284.00000000000557,15.910000000000244,3082.070000000007,SSSW,provisional_assumed_short_to_long,0
6.03,116.00000000000276,167.00000000002203,48.00000000000275,128.00000000001651,117.00000000001927,135.000000000011,142.999999999989,287.0000000000303,16.040000000000123,3085.8399999999947,SSSW,provisional_assumed_short_to_long,0
6.04,116.99999999999227,174.99999999993818,48.999999999992269,133.99999999995364,123.99999999994591,138.99999999996908,139.00000000003092,297.99999999991502,16.085000000000164,3083.7799999999925,SSSW,provisional_assumed_short_to_long,0
6.05,125.99999999993845,179.99999999996581,49,139.99999999995896,128.99999999996581,146.99999999994529,144.99999999995896,300.99999999997948,16.130000000000361,3081.7199999999766,SSSW,provisional_assumed_short_to_long,0
6.06,129.99999999997655,185.99999999996481,49.999999999994138,146.99999999995896,131.99999999998241,156.99999999994139,153.99999999994725,304.99999999997658,16.210000000000882,3076.6099999999988,SSSW,provisional_assumed_short_to_long,0
6.07,134.99999999997513,192.99999999996518,50,151.99999999997513,136.99999999997513,159.99999999998508,160.99999999996518,312.99999999996021,16.370000000000832,3076.3599999999224,SSSW,provisional_assumed_short_to_long,0
6.08,138.99999999998366,195.99999999998775,49.000000000004086,159.99999999996732,142.9999999999755,167.99999999996732,161.99999999999591,314.99999999999181,16.500000000000945,3064.1799999998602,SSSW,provisional_assumed_short_to_long,0
6.09,137.00000000000639,196,49.999999999996803,164.99999999998403,147.99999999998403,164.00000000001279,169.99999999997442,319.99999999998403,16.629999999999583,3044.9900000000612,SSSW,provisional_assumed_short_to_long,0
6.10,139.99999999999335,198.99999999999335,50,169.99999999998889,149.99999999999557,175.99999999997334,170.99999999999778,320.99999999999778,16.699999999999843,3034.9000000000224,SSSW,provisional_assumed_short_to_long,0
6.11,143.99999999999466,199.99999999999866,50,175.99999999999201,153.99999999999466,180.99999999999335,169.00000000000267,320.00000000000131,16.749999999999932,3023.3350000000155,SSSW,provisional_assumed_short_to_long,0
6.12,146.99999999999866,200,50,180.99999999999778,154,182.99999999999912,168.00000000000045,322.99999999999869,16.799999999999979,3011.770000000005,SSSW,provisional_assumed_short_to_long,0
6.13,146.00000000000267,199.00000000000045,49.999999999999112,184.00000000000045,160,189.00000000000088,168,327.00000000000176,16.840000000000014,3005.7399999999952,SSSW,provisional_assumed_short_to_long,0
6.14,152.00000000000284,199.99999999999574,48.000000000001421,185.00000000000284,159.99999999999716,191.00000000000995,168.00000000000426,331.00000000000284,16.870000000000044,2995.70999999999,SSSW,provisional_assumed_short_to_long,0
6.15,154,196.99999999998846,49,186.99999999999307,157.9999999999977,197.9999999999977,171,332.99999999999767,16.90000000000007,2988.6999999999789,SSSW,provisional_assumed_short_to_long,0
6.16,154,191.99999999998403,48.999999999996803,183.99999999996484,156.99999999998403,196.99999999998721,170.99999999999361,331.99999999999682,16.930000000000064,2979.669999999981,SSSW,provisional_assumed_short_to_long,0
6.17,154,187.00000000003641,48.000000000007283,173.00000000008012,152.00000000003641,193.00000000002913,169.00000000001455,331.00000000000728,16.950000000000081,2973.6299999999756,SSSW,provisional_assumed_short_to_long,0
6.18,154.99999999999361,180.00000000004476,48,169.00000000002558,144.00000000005116,182.00000000007034,163.00000000003837,327.00000000002558,16.970000000000198,2967.5899999997764,SSSW,provisional_assumed_short_to_long,0
6.19,155.99999999999457,171.00000000004877,47.000000000005414,160.00000000004877,134.00000000005417,176.00000000003251,160.00000000001626,319.00000000004331,17.009999999999941,2922.569999999911,SSSW,provisional_assumed_short_to_long,0
6.20,155.00000000000452,164.00000000003172,45.000000000009059,144.00000000007248,120.00000000006341,166.0000000000453,156.00000000001813,312.00000000003172,17.000000000000341,2907.5799999996989,SSSW,provisional_assumed_short_to_long,0
6.21,153.00000000000728,154.00000000003641,45,134.00000000003641,101.00000000006919,152.00000000005099,152.00000000001455,306.00000000002183,17.050000000000079,2863.5899999998146,SSSW,provisional_assumed_short_to_long,0
6.22,145.00000000002203,147.00000000001927,42.000000000008257,112.00000000006057,93.000000000022027,130.00000000006057,136.00000000004405,289.00000000004678,17.05999999999997,2839.5600000000659,SSSW,provisional_assumed_short_to_long,0
6.23,145.99999999999824,140.50000000001154,41.000000000001776,103.00000000001599,83.500000000016882,116.50000000002399,123.5000000000222,274.50000000002575,17.050000000000018,2824.5800000000268,SSSW,provisional_assumed_short_to_long,0
6.24,146.99999999999912,134.00000000000577,40.000000000000888,94.000000000007987,74.000000000008441,103.00000000001199,111.0000000000111,260.0000000000129,17.054999999999996,2815.5650000000082,SSSW,provisional_assumed_short_to_long,0
6.25,131.5,121.5,38.5,80.5,64,84.5,89.5,239.5,17.059999999999999,2806.5500000000002,SSSW,provisional_assumed_short_to_long,0
6.26,115.99999999998489,108.99999999997868,36.999999999987566,66.999999999989342,53.999999999995559,65.999999999989342,67.999999999978684,218.99999999998934,17.040000000000017,2785.5799999999867,SSSW,provisional_assumed_short_to_long,0
6.27,98.999999999988816,84.999999999992539,22.999999999999069,54.999999999998138,48.999999999999069,54.000000000001862,43.99999999999627,206.99999999999162,17.05999999999985,2770.5599999999536,SSSW,provisional_assumed_short_to_long,0
6.28,93.000000000017593,81.000000000011724,22.500000000001464,54.000000000002927,48.500000000001464,54.999999999997073,42.000000000005862,202.50000000001319,16.97999999999989,2745.6699999998928,SSSW,provisional_assumed_short_to_long,0
6.29,87.000000000046356,77.000000000030909,22.000000000003865,53.000000000007731,48.000000000003865,55.999999999992269,40.000000000015454,198.00000000003476,16.939999999999745,2706.6899999998695,SSSW,provisional_assumed_short_to_long,0
6.30,72.000000000102588,58.000000000129944,21.000000000006839,53,48,56.999999999993165,37.00000000002052,188.00000000006838,16.869999999999639,2670.7899999998422,SSSW,provisional_assumed_short_to_long,0
6.31,66.000000000035172,45.000000000076206,27.999999999958966,53,45.000000000017586,73.999999999900353,36.000000000005862,178.00000000005861,16.789999999999807,2635.9099999998266,SSSW,provisional_assumed_short_to_long,0
6.32,60.000000000029843,47.999999999985079,27.000000000004974,53,44.000000000004974,64.000000000049738,32.000000000019895,162.00000000007958,16.754999999999775,2604.4499999997988,SSSW,provisional_assumed_short_to_long,0
6.33,49.000000000044942,50.999999999987743,30.999999999983658,53,44,88.999999999897852,32,157.00000000002044,16.719999999999345,2572.9899999991917,SSSW,provisional_assumed_short_to_long,0
6.34,48.000000000003197,51,31.999999999996803,53,44.499999999998401,90.499999999995197,32.499999999998401,151.00000000001918,16.630000000000287,2462.0400000003547,SSSW,provisional_assumed_short_to_long,0
6.35,47.000000000002217,51,32.999999999997783,53,44.999999999998892,91.999999999996675,32.999999999998892,145.00000000001333,16.530000000000221,2340.0500000002712,SSSW,provisional_assumed_short_to_long,0
6.36,47,49.000000000002665,34.999999999997335,53,45,90.000000000002672,33,136.00000000001199,16.510000000000026,2319.0600000000277,SSSW,provisional_assumed_short_to_long,0
6.37,47,52.999999999998224,35.999999999999559,53,45,72.000000000007987,33,136.99999999999955,16.500000000000004,2308.0600000000049,SSSW,provisional_assumed_short_to_long,0
6.38,46.999999999999552,58,36,53,44.000000000000448,64.999999999997783,32.999999999999552,128.99999999999733,16.494999999999997,2305.5649999999991,SSSW,provisional_assumed_short_to_long,0
6.39,45.999999999997158,58.000000000001421,36,53,44.999999999998579,59.999999999984368,32,122.99999999999432,16.490000000000013,2303.0700000000188,SSSW,provisional_assumed_short_to_long,0
6.40,44,59.000000000001151,36,53,44,49,32.000000000001151,118.9999999999873,16.5,2316.0699999999956,SSSW,provisional_assumed_short_to_long,0
6.41,44,59.499999999998757,36,53,44,49,32.499999999998757,113.50000000001367,16.5,2314.0599999999904,SSSW,provisional_assumed_short_to_long,0
6.42,44,59.999999999996362,36,53,44,49,32.999999999996362,108.00000000004006,16.499999999999957,2311.0599999999959,SSSW,provisional_assumed_short_to_long,0
6.43,44,64.999999999968026,35.000000000006395,52.000000000006395,44,49,33,101.00000000004476,16.489999999999998,2310.0700000000102,SSSW,provisional_assumed_short_to_long,0
6.44,44,63.000000000010836,36.999999999989164,52,44,48.000000000005414,31.000000000010836,95.000000000032514,16.489999999999998,2312.0600000000031,SSSW,provisional_assumed_short_to_long,0
6.45,44,69.999999999968296,35.000000000009059,52.999999999995467,44,48,31.99999999999547,93.000000000009067,16.489999999999998,2312.5600000000036,SSSW,provisional_assumed_short_to_long,0
6.46,44,66.500000000012747,35.999999999996362,52.500000000001819,44,49.499999999994536,32,92.500000000001819,16.490000000000077,2313.0600000000154,SSSW,provisional_assumed_short_to_long,0
6.47,44,63.000000000009635,36.999999999997243,52.000000000001378,44,50.999999999995872,32,92.000000000001378,16.499999999999972,2315.0599999999945,SSSW,provisional_assumed_short_to_long,0
6.48,43.000000000001776,63.999999999998224,35.000000000003553,52.999999999998224,44,51,32,91.000000000001776,16.5,2327.0699999999788,SSSW,provisional_assumed_short_to_long,0
6.49,43,65.999999999998224,38.999999999996447,51.000000000001776,44,52.999999999998224,32,89.000000000001776,16.5,2335.0699999999929,SSSW,provisional_assumed_short_to_long,0
6.50,45,62,38,52,44,56,32,90,16.510000000000002,2340.0700000000002,SSSW,provisional_assumed_short_to_long,0
6.51,42,61.000000000002665,38.999999999999112,52,44,60.000000000005329,32,90.000000000002672,16.500000000000004,2341.0800000000008,SSSW,provisional_assumed_short_to_long,0
6.52,42,64.000000000007461,38,52,44.000000000001869,65.999999999992539,32,93.000000000005599,16.50500000000001,2342.070000000002,SSSW,provisional_assumed_short_to_long,0
6.53,42,67.99999999998623,38.00000000000275,52.00000000000275,45,62.000000000011013,32,96,16.509999999999973,2343.0600000000054,SSSW,provisional_assumed_short_to_long,0
6.54,42,63.000000000038639,38.999999999992269,52.999999999992269,45,65.999999999969091,32,96,16.500000000000036,2345.0800000000108,SSSW,provisional_assumed_short_to_long,0
6.55,42,61.000000000013678,38.500000000003418,53,45,64.50000000001026,32,96.499999999996575,16.510000000000002,2348.0800000000136,SSSW,provisional_assumed_short_to_long,0
6.56,42,59.000000000011724,38.000000000002927,53,45,63.000000000008797,32,96.999999999997073,16.510000000000002,2351.0800000000218,SSSW,provisional_assumed_short_to_long,0
6.57,41.000000000004974,58.000000000004974,38.999999999995026,51.000000000009948,45.999999999995026,63.999999999995026,32,90.000000000034817,16.510000000000002,2355.0799999999967,SSSW,provisional_assumed_short_to_long,0
6.58,39.000000000008171,58,38.000000000004086,52.999999999991829,46,64,32,85.000000000020435,16.510000000000002,2354.579999999999,SSSW,provisional_assumed_short_to_long,0
6.59,38.500000000001599,54.00000000001279,38.499999999998401,53,47.499999999995204,58.000000000019185,32,82.500000000007987,16.510000000000002,2354.0800000000017,SSSW,provisional_assumed_short_to_long,0
6.60,38.000000000001108,50.000000000008882,38.999999999998892,53,48.999999999996668,52.000000000013323,32,80.000000000005556,16.510000000000002,2359.079999999989,SSSW,provisional_assumed_short_to_long,0
6.61,37.000000000001336,46.000000000005329,39,53.999999999998664,49,49.000000000003993,32,77.000000000003993,16.519999999999985,2364.0799999999931,SSSW,provisional_assumed_short_to_long,0
6.62,37,46,39.999999999999559,53.000000000000441,50.999999999999112,48.000000000000441,32,84.999999999996447,16.52,2370.0699999999974,SSSW,provisional_assumed_short_to_long,0
6.63,36.000000000000448,35.999999999998224,39.999999999999552,53,51,48,32,94.000000000000895,16.520000000000014,2380.0800000000058,SSSW,provisional_assumed_short_to_long,0
6.64,36.999999999990052,32.000000000008527,39.000000000001421,52.999999999998579,51.000000000002842,48,32,96.000000000008527,16.550000000000015,2393.0500000000106,SSSW,provisional_assumed_short_to_long,0
6.65,30.000000000013856,38.000000000009237,40,52.000000000002309,53.000000000013856,48,32,102.00000000001617,16.560000000000024,2400.5400000000177,SSSW,provisional_assumed_short_to_long,0
6.66,36.000000000003197,41.999999999980815,40,53.000000000003197,59.000000000003197,47.999999999996803,32,109.00000000007034,16.569999999999936,2408.0300000000261,SSSW,provisional_assumed_short_to_long,0
6.67,36.999999999992717,36.000000000043698,40,53.999999999992717,59.999999999992717,47.000000000007283,32,130.99999999983976,16.550000000000001,2416.0700000000247,SSSW,provisional_assumed_short_to_long,0
6.68,37,36.499999999996803,40.499999999996803,54.499999999996803,60,47.499999999996803,32,140.99999999993605,16.549999999999901,2422.0700000000006,SSSW,provisional_assumed_short_to_long,0
6.69,37,36.999999999997293,40.999999999997293,54.999999999997293,60,47.999999999997293,32,150.99999999994583,16.529999999999941,2422.1199999999999,SSSW,provisional_assumed_short_to_long,0
6.70,40.999999999981881,46.999999999954703,46.999999999972822,65.999999999950177,90.999999999859583,49.999999999990941,32.999999999995467,180.99999999986412,16.519999999999794,2422.1399999999658,SSSW,provisional_assumed_short_to_long,0
6.71,41.999999999996362,47.999999999996362,47.999999999996362,67.999999999992724,101.99999999995994,50,33,193.99999999995265,16.489999999999768,2417.1699999999387,SSSW,provisional_assumed_short_to_long,0
6.72,42.499999999998622,51.499999999990365,48,68,106.49999999998761,50.499999999998622,33,196.99999999999173,16.459999999999912,2409.2049999999767,SSSW,provisional_assumed_short_to_long,0
6.73,42.999999999999112,54.999999999993783,48,68,110.99999999999201,50.999999999999112,33,199.99999999999466,16.430000000000053,2401.2400000000139,SSSW,provisional_assumed_short_to_long,0
6.74,45.999999999997335,60.999999999994671,48.999999999999112,68,119.99999999999201,60.999999999991118,33,205.99999999999466,16.260000000000154,2350.4100000000449,SSSW,provisional_assumed_short_to_long,0
6.75,48,65,49,68,141,69,44,218,15.6,2262.1900000000001,SSSW,provisional_assumed_short_to_long,0
6.76,135.00000000001154,72.000000000004448,47.999999999999112,94.000000000012434,166.0000000000089,99.000000000002672,145.00000000001864,231.00000000002754,14.979999999999867,2346.7700000000136,SSSW,provisional_assumed_short_to_long,0
6.77,148,76.9999999999972,47,108.0000000000084,176.0000000000056,102.0000000000028,166,262.00000000001677,14.830000000000728,2362.0000000004461,SSSW,provisional_assumed_short_to_long,0
6.78,148,75.500000000004391,47,112.49999999998681,178.99999999999122,103.49999999999561,166,270.99999999997362,15.219999999999986,2601.1200000001941,SSSW,provisional_assumed_short_to_long,0
6.79,148,74.000000000011596,47,116.99999999996523,181.99999999997681,104.9999999999884,166,279.99999999993048,15.214999999999982,2671.6600000002568,SSSW,provisional_assumed_short_to_long,0
6.80,170.99999999984271,75.999999999986329,47.999999999993165,134.99999999987691,198.99999999988373,126.99999999984954,162.00000000002734,296.99999999988376,15.210000000000228,2742.2000000004482,SSSW,provisional_assumed_short_to_long,0
6.81,202.99999999981242,86.999999999935511,48.999999999994138,156.99999999987102,204.99999999996481,139.9999999999238,167.99999999996481,318.99999999987102,15.26000000000011,2841.2300000002479,SSSW,provisional_assumed_short_to_long,0
6.82,210.99999999996021,87.999999999995026,49,159.99999999998508,205.99999999999503,141.99999999999005,176.99999999995524,315.0000000000199,15.280000000000127,2886.2500000001792,SSSW,provisional_assumed_short_to_long,0
6.83,207.00000000001634,83.000000000020435,49,158.00000000000819,201.00000000002044,137.00000000002044,189.99999999994688,312.00000000001228,15.300000000000146,2914.2600000004445,SSSW,provisional_assumed_short_to_long,0
6.84,202.00000000001597,72.000000000035172,49,159.99999999999361,192.00000000002876,138.99999999999361,184.00000000001918,308.00000000001279,15.319999999999936,2975.2699999998049,SSSW,provisional_assumed_short_to_long,0
6.85,184.00000000003996,72,49,164.99999999998889,185.00000000001555,134.00000000001111,170.00000000003109,303.00000000001108,15.324999999999989,2990.7699999999654,SSSW,provisional_assumed_short_to_long,0
6.86,175.00000000001199,65.000000000009322,49.999999999998664,168.99999999999466,183.00000000000267,138.99999999999335,165.00000000000665,292.00000000001467,15.329999999999993,3006.2699999999795,SSSW,provisional_assumed_short_to_long,0
6.87,173.00000000000088,65.999999999999559,50,174.99999999999733,179.00000000000176,140.99999999999912,170.99999999999733,282.00000000000443,15.33,3036.279999999987,SSSW,provisional_assumed_short_to_long,0
6.88,170.99999999999378,67.000000000000895,50.999999999999552,176,179.99999999999912,148.00000000000045,159.00000000000134,280.99999999999824,15.340000000000009,3057.270000000005,SSSW,provisional_assumed_short_to_long,0
6.89,157,68.999999999998579,50.000000000001421,176.00000000000284,177.99999999999716,149.00000000002132,162.00000000000284,276.99999999999858,15.360000000000028,3068.2600000000157,SSSW,provisional_assumed_short_to_long,0
6.90,156.99999999998846,67.999999999995381,50.999999999997691,178.0000000000023,175.99999999998613,164.00000000000463,164.00000000000463,275.99999999998386,15.38000000000007,3079.2500000000136,SSSW,provisional_assumed_short_to_long,0
6.91,151.99999999996803,66.000000000006395,50,179,169.99999999997442,165.99999999999042,166.00000000001918,268.99999999999682,15.410000000000064,3085.23,SSSW,provisional_assumed_short_to_long,0
6.92,142.00000000007282,67.999999999985434,50,179,162.00000000005826,163.00000000002186,171.99999999995629,268.00000000000728,15.430000000000081,3085.2149999999997,SSSW,provisional_assumed_short_to_long,0
6.93,145.99999999997442,70.999999999980815,49.000000000006395,178.00000000000639,158.00000000002558,164.99999999998721,164.00000000005116,269.99999999998721,15.450000000000298,3085.1999999999748,SSSW,provisional_assumed_short_to_long,0
6.94,147.99999999998917,71,48.000000000005414,176.00000000001083,158,155.00000000005417,167.99999999997834,271.99999999998914,15.510000000000357,3080.1699999999464,SSSW,provisional_assumed_short_to_long,0
6.95,143.00000000002265,71,48.999999999995467,168.00000000003624,157.00000000000452,157.99999999998641,164.00000000001813,267.00000000002262,15.570000000000206,3071.1300000000138,SSSW,provisional_assumed_short_to_long,0
6.96,131.00000000004371,74.999999999985434,49.999999999996362,159.00000000003277,148.00000000003277,147.00000000004005,161.00000000001091,258.0000000000328,15.600000000000385,3073.099999999984,SSSW,provisional_assumed_short_to_long,0
6.97,118.0000000000358,70.00000000001377,49.000000000002757,146.00000000003578,142.00000000001651,146.00000000000276,157.00000000001103,241.00000000004681,15.649999999999864,3071.0500000000056,SSSW,provisional_assumed_short_to_long,0
6.98,106.00000000002132,65.000000000008882,49,141.00000000000887,138.00000000000711,134.00000000002132,152.00000000000887,218.00000000004087,15.669999999999964,3070.0200000000018,SSSW,provisional_assumed_short_to_long,0
6.99,93.000000000011539,68.999999999996447,48.000000000000888,136.00000000000443,131.00000000000622,123.00000000000978,158.99999999999378,209.00000000000799,15.689999999999982,3068.9900000000007,SSSW,provisional_assumed_short_to_long,0
7.00,71,69,49,126,113,116,157,203,15.800000000000001,3062.8000000000002,SSSW,provisional_assumed_short_to_long,0
7.01,50.999999999997335,70.999999999998224,48,112.99999999999112,108.99999999999555,107.0000000000009,150.99999999999912,195.99999999999912,15.860000000000044,3061.699999999998,SSSW,provisional_assumed_short_to_long,0
7.02,48,69.000000000005599,48,103,103.99999999999068,107.9999999999888,149.99999999999812,195.0000000000168,15.910000000000169,3059.5899999999997,SSSW,provisional_assumed_short_to_long,0
7.03,48,72.000000000008257,47.99999999999725,102.99999999998899,98.99999999996146,102.00000000000276,148.99999999996697,203.99999999999173,16.000000000000082,3059.4299999999557,SSSW,provisional_assumed_short_to_long,0
7.04,48,74.999999999976822,47.000000000007731,99.000000000030909,85.000000000108173,102.99999999999227,137.00000000009271,201.00000000002319,16.030000000000076,3043.3700000000035,SSSW,provisional_assumed_short_to_long,0
7.05,48,75.999999999993165,47.999999999993165,96.00000000002052,83.000000000013671,94.000000000061547,129.00000000005471,200.00000000000685,16.05000000000009,3044.3350000000046,SSSW,provisional_assumed_short_to_long,0
7.06,48,79.999999999976552,48,95.000000000005855,80.000000000017593,94,128.00000000000585,201.99999999998829,16.070000000000221,3045.3000000000275,SSSW,provisional_assumed_short_to_long,0
7.07,48,83.999999999980105,47.000000000004974,95,84.999999999975131,94.999999999995026,131.9999999999801,203.99999999999005,16.110000000000191,3050.2500000000318,SSSW,provisional_assumed_short_to_long,0
7.08,48,86.99999999998775,47.999999999995914,95,86.999999999991829,94.000000000004093,129.00000000001225,204,16.140000000000363,3055.210000000036,SSSW,provisional_assumed_short_to_long,0
7.09,47.500000000001599,96.999999999968026,48,94.500000000001592,85.500000000004803,99.999999999980815,127.5000000000048,209.49999999998241,16.189999999999841,3060.139999999984,SSSW,provisional_assumed_short_to_long,0
7.10,47.000000000001108,106.9999999999778,48,94.000000000001108,84.000000000003325,105.99999999998667,126.00000000000333,214.99999999998778,16.239999999999888,3064.0699999999915,SSSW,provisional_assumed_short_to_long,0
7.11,47,111.99999999999334,48,94,84.999999999998664,106.99999999999866,131.99999999999201,210.00000000000665,16.279999999999948,3070.0099999999925,SSSW,provisional_assumed_short_to_long,0
7.12,47,124.99999999999423,48.999999999999559,94.999999999999559,85.999999999999559,108.99999999999912,127.00000000000222,216.9999999999969,16.329999999999977,3098.9399999999873,SSSW,provisional_assumed_short_to_long,0
7.13,48.000000000001776,132.00000000000534,48,95,85.000000000001776,108.0000000000009,128.99999999999866,220.00000000000134,16.355000000000011,3090.4099999999962,SSSW,provisional_assumed_short_to_long,0
7.14,52.000000000035527,144.00000000000568,48,95.000000000007105,89.000000000004263,110.00000000000426,126,223.00000000000142,16.38000000000007,3081.8800000000087,SSSW,provisional_assumed_short_to_long,0
7.15,77.000000000008086,148,48,100.00000000000692,92.000000000004619,113.00000000000809,126.00000000000577,224.00000000000347,16.430000000000163,3087.8100000000504,SSSW,provisional_assumed_short_to_long,0
7.16,80.499999999991303,148,48,102.99999999999254,93.999999999995026,116.4999999999913,128.49999999999378,225.49999999999628,16.500000000000192,3109.6699999999423,SSSW,provisional_assumed_short_to_long,0
7.17,83.999999999974506,148,48,105.99999999997814,95.999999999985434,119.99999999997451,130.99999999998178,226.99999999998909,16.560000000000244,3091.5600000000281,SSSW,provisional_assumed_short_to_long,0
7.18,91.999999999948841,151.99999999997442,48,110.99999999996803,98.999999999980815,122.99999999998082,125.00000000003837,244.99999999988489,16.62000000000025,3098.4699999999993,SSSW,provisional_assumed_short_to_long,0
7.19,113.9999999998808,163.99999999993497,48.999999999994586,118.99999999995666,118.99999999989164,140.99999999990249,137.99999999992957,271.99999999985374,16.670000000000297,3098.3699999999994,SSSW,provisional_assumed_short_to_long,0
7.20,121.99999999996376,173.9999999999547,49,122.99999999998188,119,142.99999999999093,144.99999999996828,283.99999999994566,16.719999999999931,3098.2699999999118,SSSW,provisional_assumed_short_to_long,0
7.21,127.99999999997814,180.99999999997451,49.999999999996362,127.9999999999818,125.99999999997451,149.99999999997451,146.99999999999272,300.9999999999381,16.710000000000619,3085.3800000000451,SSSW,provisional_assumed_short_to_long,0
7.22,138.9999999999697,181,49.000000000002757,137.99999999997246,131.99999999998349,150,147,305.99999999998624,16.789999999999779,3091.1999999999839,SSSW,provisional_assumed_short_to_long,0
7.23,140.99999999999645,184.99999999999289,49.499999999999112,141.99999999999289,130.50000000000267,152.49999999999557,149.99999999999466,310.49999999999199,16.899999999999803,3084.9900000000107,SSSW,provisional_assumed_short_to_long,0
7.24,142.99999999999824,188.99999999999645,49.999999999999559,145.99999999999645,129.00000000000134,154.99999999999778,152.99999999999733,314.99999999999602,16.979999999999929,3089.8499999999958,SSSW,provisional_assumed_short_to_long,0
7.25,147,194,50,156,135,164,159,320,17,3067.9000000000001,SSSW,provisional_assumed_short_to_long,0
7.26,150.00000000000267,193.00000000000267,50,163.00000000000443,143.00000000000443,168.00000000000045,167,326.00000000000398,17.005000000000006,3077.8600000000088,SSSW,provisional_assumed_short_to_long,0
7.27,153.0000000000056,196.0000000000056,50,168.00000000000932,148.00000000000932,168.50000000000094,167,330.50000000000841,17.010000000000076,3087.8199999999647,SSSW,provisional_assumed_short_to_long,0
7.28,155.99999999999449,199.00000000000276,50,173.000000000011,153,169,167.00000000001927,335,17.050000000000058,3068.8100000000027,SSSW,provisional_assumed_short_to_long,0
7.29,154.00000000001546,199.99999999999227,50,176.99999999996908,153,169,173.99999999994591,335,17.07000000000011,3069.77,SSSW,provisional_assumed_short_to_long,0
7.30,155.99999999998633,200,50,177,154.99999999998633,166.00000000002052,174,334.00000000000682,17.100000000000048,3069.7199999999953,SSSW,provisional_assumed_short_to_long,0
7.31,158.99999999998241,197.00000000001759,50,174.00000000001759,152.00000000001759,169.99999999997655,174.99999999999415,333.00000000000585,17.109999999999999,3068.7099999999723,SSSW,provisional_assumed_short_to_long,0
7.32,163.99999999997513,193.0000000000199,50,167.00000000003482,148.0000000000199,170.99999999999503,173.00000000000995,329.0000000000199,17.110000000000031,3063.7099999999905,SSSW,provisional_assumed_short_to_long,0
7.33,163.00000000000409,186.00000000002859,50,157.00000000004087,142.0000000000245,171,172.00000000000409,323.0000000000245,17.115000000000009,3062.1999999999975,SSSW,provisional_assumed_short_to_long,0
7.34,163,173.00000000004155,49.000000000003197,142.00000000004798,136.00000000001918,166.00000000001597,163.00000000002876,316.0000000000224,17.119999999999983,3060.6900000000051,SSSW,provisional_assumed_short_to_long,0
7.35,164.99999999999557,161.00000000002666,49,134.00000000001776,122.00000000003109,157.00000000001998,156.00000000001555,302.00000000003109,17.129999999999978,3052.6500000000178,SSSW,provisional_assumed_short_to_long,0
7.36,168.99999999999466,151.00000000001333,48.000000000001336,123.00000000001465,105.00000000002265,142.00000000001998,152.00000000000534,281.00000000002797,17.139999999999986,3032.610000000027,SSSW,provisional_assumed_short_to_long,0
7.37,164.00000000000222,147.00000000000176,47.000000000000441,102.00000000000932,94.000000000004889,133.00000000000401,139.00000000000577,258.00000000001023,17.149999999999995,2996.5700000000161,SSSW,provisional_assumed_short_to_long,0
7.38,159.99999999999955,134.99999999999378,44.999999999998224,91.999999999997328,71.999999999993776,105.99999999999289,113.99999999999289,237.99999999999378,17.170000000000005,2940.479999999985,SSSW,provisional_assumed_short_to_long,0
7.39,158.99999999999574,120.99999999998721,40.999999999995737,85.999999999972999,57.999999999997158,89.999999999967315,97.999999999968736,223.99999999997868,17.175000000000008,2906.9499999999525,SSSW,provisional_assumed_short_to_long,0
7.40,155.99999999996305,111.99999999997691,37.999999999997691,66.999999999990763,55.999999999993072,66.999999999969972,75.999999999953815,208.99999999999537,17.180000000000046,2873.4199999998546,SSSW,provisional_assumed_short_to_long,0
7.41,139.99999999991687,101.99999999994564,36.999999999980815,62.999999999971223,52.99999999997442,53.999999999990408,55.99999999997442,206.99999999995524,17.200000000000159,2810.3399999999101,SSSW,provisional_assumed_short_to_long,0
7.42,114.00000000018936,85.000000000123805,31.000000000043698,54.000000000065548,45.000000000058265,51.000000000021849,48.000000000058265,193.00000000010198,17.249999999999957,2782.2199999999098,SSSW,provisional_assumed_short_to_long,0
7.43,94.000000000127898,73.000000000076739,31.999999999993605,53.000000000006395,47.999999999980815,49.00000000001279,43.000000000031974,185.00000000005116,17.239999999999551,2760.2199999998466,SSSW,provisional_assumed_short_to_long,0
7.44,64.000000000162544,56.000000000092101,32,53.999999999994586,45.000000000016257,48.000000000005414,38.000000000027086,175.00000000005417,17.149999999998748,2729.379999999901,SSSW,provisional_assumed_short_to_long,0
7.45,54.000000000045297,53.000000000013586,30.000000000009059,53.000000000004533,43.000000000009059,48.999999999995467,34.000000000018119,161.00000000006341,16.939999999999625,2712.719999999802,SSSW,provisional_assumed_short_to_long,0
7.46,49.000000000018204,50.000000000010928,28.000000000007283,53,43.999999999996362,51.999999999989072,32.000000000007283,150.00000000004005,16.884999999999888,2683.794999999941,SSSW,provisional_assumed_short_to_long,0
7.47,49,50.999999999997243,29.999999999994493,53.999999999997243,44,49.000000000008257,32,137.00000000003578,16.830000000000151,2654.8700000000795,SSSW,provisional_assumed_short_to_long,0
7.48,48.000000000001776,51,32.999999999994671,53.000000000001776,44,52.999999999992895,32.999999999998224,131.00000000001066,16.740000000000158,2593.00000000011,SSSW,provisional_assumed_short_to_long,0
7.49,47.000000000000888,52.999999999998224,32.000000000000888,53,44.999999999999112,62.999999999991118,36.999999999996447,131,16.660000000000071,2499.0600000000832,SSSW,provisional_assumed_short_to_long,0
7.50,48,61,34,53,45,67,38,125,16.539999999999999,2369.0799999999999,SSSW,provisional_assumed_short_to_long,0
7.51,47,65.000000000000895,36,53,45,65.999999999993776,38,122.99999999998934,16.52,2351.0999999999981,SSSW,provisional_assumed_short_to_long,0
7.52,46.999999999994401,65.999999999998138,36,53,45,58.999999999985079,38,110.99999999997388,16.52,2349.0899999999961,SSSW,provisional_assumed_short_to_long,0
7.53,43.99999999999725,65.000000000008257,35.99999999999725,53,45.00000000000275,51,37.999999999986237,96.999999999997243,16.519999999999971,2347.0799999999917,SSSW,provisional_assumed_short_to_long,0
7.54,43.000000000007731,67.999999999976822,35.000000000007731,53,45.999999999992269,51,33.000000000038639,96.000000000007731,16.510000000000002,2344.0899999999856,SSSW,provisional_assumed_short_to_long,0
7.55,43,64.000000000027356,35,53,45.000000000006835,52.999999999986322,33,96,16.510000000000002,2340.0999999999908,SSSW,provisional_assumed_short_to_long,0
7.56,42.000000000005862,70.999999999958959,35.999999999994138,53,45,53,31.000000000011724,101.99999999996483,16.510000000000002,2338.1000000000054,SSSW,provisional_assumed_short_to_long,0
7.57,43.999999999990052,68.000000000014921,36.999999999995026,53,45,53,31,105.9999999999801,16.510000000000002,2339.1000000000063,SSSW,provisional_assumed_short_to_long,0
7.58,44.999999999995914,70.99999999998775,37,53,45.999999999995914,52.000000000004086,31.999999999995914,110.99999999997956,16.510000000000002,2340.1000000000363,SSSW,provisional_assumed_short_to_long,0
7.59,44.000000000003197,72.999999999993605,35.000000000006395,52.000000000003197,45.000000000003197,52,32,117.99999999997762,16.510000000000002,2345.1050000000123,SSSW,provisional_assumed_short_to_long,0
7.60,44.999999999997783,76.999999999991118,36.999999999995559,52,45.999999999997783,52,31.00000000000222,115.00000000000666,16.510000000000002,2350.1099999999892,SSSW,provisional_assumed_short_to_long,0
7.61,45.999999999998664,74.000000000003993,37.999999999998664,52,45.000000000001336,52,31.999999999998668,113.00000000000267,16.510000000000002,2355.1199999999931,SSSW,provisional_assumed_short_to_long,0
7.62,45.000000000000441,71.000000000001336,39.999999999999112,52,44.000000000000441,59.999999999996447,35.999999999998224,112.00000000000044,16.510000000000002,2356.1199999999994,SSSW,provisional_assumed_short_to_long,0
7.63,41,69.000000000002672,39,52,45,68.000000000001776,35.999999999998664,107.99999999999956,16.510000000000002,2360.1300000000015,SSSW,provisional_assumed_short_to_long,0
7.64,41.000000000001421,75,39.000000000001421,52,45,72.000000000002842,33.000000000001421,106.99999999999289,16.510000000000002,2363.1300000000028,SSSW,provisional_assumed_short_to_long,0
7.65,42,74.999999999990763,40,52,45.000000000002309,74.000000000002316,34.000000000006928,101.99999999999307,16.510000000000002,2365.1300000000024,SSSW,provisional_assumed_short_to_long,0
7.66,42.000000000003197,70.999999999984013,40,52,46,75.000000000003197,36.99999999998721,99,16.510000000000002,2366.1300000000033,SSSW,provisional_assumed_short_to_long,0
7.67,42.999999999992717,66.000000000036408,40,52,46,75.999999999992724,33.000000000029132,99,16.510000000000002,2367.1300000000124,SSSW,provisional_assumed_short_to_long,0
7.68,42.000000000006395,74.999999999942446,39.000000000006395,52,46.999999999993605,74.00000000001279,32.000000000006395,99,16.510000000000051,2370.1300000000201,SSSW,provisional_assumed_short_to_long,0
7.69,42,69.000000000032514,39.999999999994586,52.999999999994586,47,73.000000000005414,35.999999999978328,98.000000000005414,16.52,2374.1200000000117,SSSW,provisional_assumed_short_to_long,0
7.70,42.999999999995467,70.999999999990933,40,53,47.999999999995467,66.000000000031704,32.000000000018119,98.999999999995467,16.52,2376.1300000000342,SSSW,provisional_assumed_short_to_long,0
7.71,42.000000000003638,59.000000000043698,40,53,48,67.999999999992724,32,98.000000000003638,16.52,2381.1300000000233,SSSW,provisional_assumed_short_to_long,0
7.72,41.000000000002757,59,40,53,48,66.000000000005514,32,94.000000000011013,16.52,2384.1399999999917,SSSW,provisional_assumed_short_to_long,0
7.73,40.000000000001776,56.000000000005329,40,53.999999999998224,48,65.000000000001776,32,90.000000000007105,16.52,2386.6449999999954,SSSW,provisional_assumed_short_to_long,0
7.74,38.000000000001776,56.999999999999112,39.000000000000888,53.000000000000888,48,52.000000000011546,32,89.000000000000881,16.52,2389.1499999999978,SSSW,provisional_assumed_short_to_long,0
7.75,37,45,38,53,50,49,32,90,16.52,2390.1500000000001,SSSW,provisional_assumed_short_to_long,0
7.76,38,50.999999999996447,39,53.999999999999112,52.999999999999112,49,33,93.000000000005329,16.510000000000002,2393.1600000000008,SSSW,provisional_assumed_short_to_long,0
7.77,37.999999999998131,46.999999999998131,38.999999999998131,53,52.000000000001869,49,32.999999999998131,99.000000000007461,16.510000000000019,2394.1600000000017,SSSW,provisional_assumed_short_to_long,0
7.78,36.999999999977973,45.999999999977973,37.999999999994493,52.99999999999725,52.99999999999725,49,32.00000000000275,103.00000000000826,16.520000000000028,2395.1500000000055,SSSW,provisional_assumed_short_to_long,0
7.79,29.000000000061817,38.000000000061817,36.000000000015454,52.000000000007731,52.000000000007731,49,32.999999999992269,105.99999999997682,16.530000000000076,2397.130000000011,SSSW,provisional_assumed_short_to_long,0
7.80,28.000000000006839,35.00000000002052,36.999999999993165,52.999999999993165,52,48.000000000006835,32.000000000006835,106.99999999999316,16.55000000000009,2400.0950000000134,SSSW,provisional_assumed_short_to_long,0
7.81,28.999999999994138,35.999999999994138,37.999999999994138,53,55.999999999976552,48.999999999994138,32,107.99999999999415,16.570000000000167,2403.0600000000604,SSSW,provisional_assumed_short_to_long,0
7.82,29,33.000000000014921,40.999999999985079,52.000000000004974,56.999999999995026,49,32.999999999995026,116.99999999995524,16.600000000000001,2414.0300000001284,SSSW,provisional_assumed_short_to_long,0
7.83,29,33.999999999995914,40.000000000004086,52,58.999999999991829,48.000000000004086,32.000000000004086,131.99999999993872,16.600000000000001,2434.0500000000657,SSSW,provisional_assumed_short_to_long,0
7.84,29.999999999996803,34,40,52,59,48,32,140.99999999997124,16.600000000000001,2443.0499999999715,SSSW,provisional_assumed_short_to_long,0
7.85,36.999999999984453,33.000000000002217,41.999999999995559,52,59,48.999999999997783,32,149.99999999998002,16.600000000000001,2445.0499999999956,SSSW,provisional_assumed_short_to_long,0
7.86,37,36.999999999994671,42.999999999998664,53.999999999997335,63.999999999993335,49,32,154.99999999999335,16.570000000000039,2446.0999999999985,SSSW,provisional_assumed_short_to_long,0
7.87,37,40.999999999998224,42.000000000000441,54,64,49,32,159.99999999999778,16.574999999999996,2446.5949999999998,SSSW,provisional_assumed_short_to_long,0
7.88,38.000000000000448,39.000000000005777,43.000000000000448,56.000000000000448,65.000000000007546,48,33,164.00000000000134,16.579999999999995,2447.0899999999983,SSSW,provisional_assumed_short_to_long,0
7.89,39.000000000001421,52.000000000009948,44.000000000001421,57.000000000004263,82.000000000021316,48,33,167.00000000000426,16.569999999999929,2443.1099999999819,SSSW,provisional_assumed_short_to_long,0
7.90,40.000000000011546,59,45,60.000000000006928,97.000000000036948,48.000000000002309,33.000000000002309,170.00000000001847,16.519999999999676,2430.1699999998755,SSSW,provisional_assumed_short_to_long,0
7.91,45.000000000009592,59.000000000009592,45.000000000003197,63.00000000001279,113.00000000006075,49.000000000057554,34.000000000067146,178.00000000002237,16.3799999999984,2376.2899999997908,SSSW,provisional_assumed_short_to_long,0
7.92,47.999999999978151,61.999999999978151,45.999999999992717,66.999999999970868,131.99999999986161,66.999999999868905,54.999999999847056,184.99999999994901,15.87999999999853,2310.8800000000633,SSSW,provisional_assumed_short_to_long,0
7.93,90.999999999728828,64.999999999981085,46.99999999999369,78.999999999924327,147.9999999998991,75.999999999943242,90.999999999772982,206.99999999986127,15.519999999999367,2326.3700000000031,SSSW,provisional_assumed_short_to_long,0
7.94,108.99999999990249,66.999999999989171,46.000000000005414,89.9999999999404,153.99999999996749,102.99999999985371,136.99999999975077,222.99999999991331,15.394999999999255,2327.0400000000041,SSSW,provisional_assumed_short_to_long,0
7.95,114.99999999997283,68.999999999990933,46,94.999999999977348,156.99999999998641,103,148.99999999994566,236.99999999993659,15.27,2327.710000001096,SSSW,provisional_assumed_short_to_long,0
7.96,124.99999999996359,67.000000000007276,46.999999999996362,98.999999999985434,159.99999999998909,108.99999999997814,141.00000000002913,247.99999999995995,15.269999999999381,2487.9400000010132,SSSW,provisional_assumed_short_to_long,0
7.97,138.99999999996146,70.999999999988987,47.999999999997243,113.9999999999587,168.99999999997522,129.99999999994219,137.00000000001103,274.99999999992565,15.19000000000022,2619.0599999996389,SSSW,provisional_assumed_short_to_long,0
7.98,154.99999999997158,79.999999999984013,48.999999999998224,137.99999999995737,176.99999999998579,140.99999999998045,147.99999999998045,294.99999999996447,15.19,2700.1199999998557,SSSW,provisional_assumed_short_to_long,0
7.99,167.99999999998846,83.999999999996447,49,143.99999999999466,185.99999999999201,143.99999999999733,159.99999999998934,309.9999999999867,15.19,2732.1399999999712,SSSW,provisional_assumed_short_to_long,0
8.00,171,83,49,146,182,150,169,298,15.210000000000001,2761.1500000000001,SSSW,provisional_assumed_short_to_long,0
8.01,171.99999999999378,78.999999999995552,49,146.00000000000088,177.99999999998934,145.99999999999733,174.99999999999022,288.99999999999289,15.199999999999992,2769.1850000000072,SSSW,provisional_assumed_short_to_long,0
8.02,164.99999999998755,73.999999999996447,49.000000000001776,147.00000000000534,166.00000000000355,143,163.99999999997513,280.99999999999466,15.189999999999964,2777.2200000000494,SSSW,provisional_assumed_short_to_long,0
8.03,158.00000000000531,71.999999999978684,50,150.00000000002399,167.99999999999733,142.99999999998403,149.99999999998667,277.99999999996538,15.169999999999973,2805.2500000000641,SSSW,provisional_assumed_short_to_long,0
8.04,159.99999999998471,64.000000000061107,50,158.99999999993125,167.00000000000765,137.00000000004582,145.0000000000382,265.00000000009931,15.159999999999926,2829.2600000001235,SSSW,provisional_assumed_short_to_long,0
8.05,154.0000000000405,73.999999999932498,50.99999999999325,160.9999999999865,167.99999999999324,149.99999999991223,139.0000000000405,254.00000000007424,15.139999999999816,2862.270000000171,SSSW,provisional_assumed_short_to_long,0
8.06,147.00000000004104,72.000000000011724,50.000000000005862,164.99999999997655,168,149.00000000000585,146.9999999999531,250.00000000002345,15.1,2899.2700000000714,SSSW,provisional_assumed_short_to_long,0
8.07,146.00000000000497,66.000000000029843,50.999999999995026,165.99999999999503,168,151.99999999998508,149.99999999998508,247.00000000001492,15.1,2912.2650000000831,SSSW,provisional_assumed_short_to_long,0
8.08,137.00000000003678,70.999999999979565,50.000000000004086,166.99999999999591,168,159.99999999996732,150,249.99999999998775,15.100000000000145,2925.2600000000803,SSSW,provisional_assumed_short_to_long,0
8.09,141.99999999998403,64.000000000022382,50,167.99999999999682,163.00000000001597,158.00000000000639,151.99999999999361,251.99999999999361,15.119999999999935,2936.2599999999652,SSSW,provisional_assumed_short_to_long,0
8.10,139.00000000000693,62.000000000004619,50,167.0000000000023,156.00000000001617,157.0000000000023,149.00000000000693,254.99999999999307,15.139999999999954,2941.2499999999886,SSSW,provisional_assumed_short_to_long,0
8.11,142.99999999999432,66.999999999992895,49.000000000001421,167.99999999999858,154.00000000000284,146.00000000001563,151.99999999999574,259.99999999999289,15.159999999999972,2954.2299999999814,SSSW,provisional_assumed_short_to_long,0
8.12,139.00000000000142,69.999999999998934,49,167.00000000000034,154.99999999999966,144.00000000000071,152,261.99999999999932,15.179999999999993,2960.2199999999975,SSSW,provisional_assumed_short_to_long,0
8.13,132.9999999999952,72.999999999996263,49.999999999999467,160.99999999999415,155.99999999999628,137,144.99999999999946,261.99999999999625,15.21000000000001,2955.2000000000016,SSSW,provisional_assumed_short_to_long,0
8.14,123.99999999998295,65.999999999997158,49,149.99999999999147,148.99999999998579,136.99999999999574,143.99999999999147,254.99999999996589,15.225000000000023,2958.6950000000047,SSSW,provisional_assumed_short_to_long,0
8.15,111.99999999996535,63.999999999993072,49,143.99999999998846,138.99999999997459,133.99999999997689,138.00000000001154,230.99999999997689,15.240000000000069,2962.1900000000023,SSSW,provisional_assumed_short_to_long,0
8.16,96.999999999945643,61,49,138.99999999996484,127.99999999996163,123.99999999998721,142.99999999998721,220.99999999998082,15.270000000000127,2963.1699999999873,SSSW,provisional_assumed_short_to_long,0
8.17,80.000000000123805,61,49,128.00000000008012,116.0000000000874,120.00000000002913,139.00000000002913,215.00000000004371,15.310000000000164,2959.1499999999837,SSSW,provisional_assumed_short_to_long,0
8.18,49.000000000198241,56.000000000031974,49,113.00000000009592,111.00000000003197,113.00000000004476,132.00000000004476,209.00000000003837,15.350000000000248,2955.1199999999799,SSSW,provisional_assumed_short_to_long,0
8.19,48.000000000005507,61.99999999996696,49,103.00000000005507,105.00000000003304,111.00000000001101,140.99999999995043,204.00000000002754,15.400000000000293,2951.0799999999763,SSSW,provisional_assumed_short_to_long,0
8.20,48,55.00000000003233,48.000000000004619,98.000000000023093,96.000000000041567,114.99999999998153,137.00000000001847,205.99999999999076,15.450000000000202,2947.0299999999934,SSSW,provisional_assumed_short_to_long,0
8.21,46.000000000007105,60.999999999978684,48,96.000000000007105,81.000000000053291,105.00000000003553,130.00000000002487,203.00000000001066,15.480000000000064,2945.9949999999981,SSSW,provisional_assumed_short_to_long,0
8.22,45.000000000002665,61.999999999997335,48,95.000000000002672,77.000000000010658,97.000000000021316,124.00000000001599,203.99999999999733,15.50999999999992,2944.9600000000028,SSSW,provisional_assumed_short_to_long,0
8.23,45.999999999998224,66.999999999991118,48,95,73.000000000007105,97,124.99999999999822,204,15.559999999999912,2941.8800000000056,SSSW,provisional_assumed_short_to_long,0
8.24,44.000000000001776,64.000000000002672,46.000000000001776,95,68.000000000004434,96.000000000000881,123.00000000000178,206.99999999999733,15.609999999999955,2937.8300000000036,SSSW,provisional_assumed_short_to_long,0
8.25,43,76,46,95,67,93,113,213,15.65,2940.77,SSSW,provisional_assumed_short_to_long,0
8.26,43.000000000001776,85.00000000001333,47,94,68.000000000003553,96.000000000001776,120.99999999999822,215.00000000000179,15.710000000000036,2940.659999999993,SSSW,provisional_assumed_short_to_long,0
8.27,45,100.00000000001599,47,94,72.000000000007105,98.000000000003553,119.00000000000533,217.00000000002132,15.750000000000071,2933.0749999999862,SSSW,provisional_assumed_short_to_long,0
8.28,45.000000000002665,109.0000000000293,47,94.000000000002657,76.000000000002657,100.00000000000799,121.99999999996537,229,15.790000000000159,2925.4900000000234,SSSW,provisional_assumed_short_to_long,0
8.29,45.999999999992362,119.99999999991599,47,94.999999999992355,76.999999999992355,102.99999999997709,109.00000000009931,229,15.850000000000186,2934.3800000000297,SSSW,provisional_assumed_short_to_long,0
8.30,46,129.9999999999325,47,95,77.99999999999325,111.99999999993925,117.99999999993925,234.9999999999595,15.900000000000277,2942.3200000000274,SSSW,provisional_assumed_short_to_long,0
8.31,46,135.99999999996481,47.999999999994138,95,82.999999999970697,116.9999999999707,114.00000000002345,237.99999999998241,15.960000000000331,2948.2000000000544,SSSW,provisional_assumed_short_to_long,0
8.32,47.999999999990052,137.99999999999005,47.000000000004974,95.999999999995026,89.999999999965183,117.99999999999503,116.99999999998508,239.99999999999005,16.020000000000383,2958.1000000000504,SSSW,provisional_assumed_short_to_long,0
8.33,68.999999999914195,140.99999999998775,47,98.99999999998775,92.99999999998775,119.99999999999183,113.00000000001634,250.99999999995507,16.080000000000325,2966.0000000000105,SSSW,provisional_assumed_short_to_long,0
8.34,83.999999999952038,144.99999999998721,47.999999999996803,101.99999999999041,95.999999999990408,117.00000000000959,118.99999999998082,251.99999999999682,16.125000000000114,2967.4250000000034,SSSW,provisional_assumed_short_to_long,0
8.35,96.999999999969987,147.99999999999307,47.000000000002309,109.99999999998153,97.999999999995381,119.99999999999307,125.99999999998383,255.99999999999076,16.169999999999899,2968.8499999999967,SSSW,provisional_assumed_short_to_long,0
8.36,105.99999999998721,154.99999999999005,47,115.99999999999147,98.999999999998579,122.99999999999574,127.99999999999716,264.99999999998721,16.269999999999857,2985.7099999999759,SSSW,provisional_assumed_short_to_long,0
8.37,113.99999999999716,166.99999999999574,47.999999999999645,120.99999999999822,103.99999999999822,127.99999999999822,124.00000000000142,281.99999999999397,16.359999999999967,2993.5599999999972,SSSW,provisional_assumed_short_to_long,0
8.38,128.00000000000372,166.00000000000321,48,126.00000000000374,115.00000000000213,134.00000000000321,137.00000000000054,287.00000000000745,16.48000000000005,2991.3399999999988,SSSW,provisional_assumed_short_to_long,0
8.39,135.00000000000711,172.00000000000711,48,133.00000000001279,119.00000000000568,140.00000000001563,138.00000000001279,301.00000000000284,16.570000000000128,2989.1899999999873,SSSW,provisional_assumed_short_to_long,0
8.40,140.00000000000924,177.00000000001387,48,142.00000000001617,123.00000000001155,151.00000000001154,147.00000000001617,303.00000000001387,16.660000000000057,2980.0799999999931,SSSW,provisional_assumed_short_to_long,0
8.41,144.00000000000318,183.00000000000639,48,149.00000000002876,128.00000000001918,156.00000000001918,153.99999999998721,309.0000000000224,16.68500000000008,2977.0449999999905,SSSW,provisional_assumed_short_to_long,0
8.42,144.99999999999272,184.99999999998545,48,157.99999999993446,133.99999999995629,161.99999999995629,150.00000000002913,315.99999999994901,16.710000000000328,2974.0099999999916,SSSW,provisional_assumed_short_to_long,0
8.43,147.99999999998082,190.99999999996163,48,161.99999999997442,135.99999999998721,168.99999999995524,151.99999999998721,318.99999999998079,16.790000000000298,2971.8800000000097,SSSW,provisional_assumed_short_to_long,0
8.44,149.99999999998897,193.99999999998349,48.999999999994493,163.99999999998897,138.99999999998349,171.99999999998349,152,321.99999999998346,16.849999999999941,2973.7600000000007,SSSW,provisional_assumed_short_to_long,0
8.45,151.99999999999076,194,49,168.99999999997692,140.99999999999076,174.99999999998613,162.99999999994918,327.99999999997226,16.840000000000337,2973.8099999999317,SSSW,provisional_assumed_short_to_long,0
8.46,153.99999999999289,194,49,170.99999999999289,141.99999999999645,174.00000000000355,167.99999999998224,329.99999999999289,16.890000000000196,2963.7299999999764,SSSW,provisional_assumed_short_to_long,0
8.47,154.99999999999733,196.99999999999201,49,172.99999999999466,143.99999999999466,175.99999999999466,168.99999999999733,330,16.915000000000077,2960.6849999999909,SSSW,provisional_assumed_short_to_long,0
8.48,155.99999999999824,191.00000000001066,48.000000000001776,169.00000000000711,142.00000000000355,178.99999999999466,169.99999999999824,333.99999999999289,16.939999999999955,2957.6400000000053,SSSW,provisional_assumed_short_to_long,0
8.49,158.99999999999733,191.99999999999912,48,165.00000000000355,140.00000000000176,178.00000000000088,168.00000000000176,333.00000000000091,17.029999999999923,2927.5400000000268,SSSW,provisional_assumed_short_to_long,0
8.50,155,180,48,157,139,171,168,331,17.059999999999999,2908.4699999999998,SSSW,provisional_assumed_short_to_long,0
8.51,156.99999999999912,171.99999999998846,46.999999999999112,145.99999999999022,126.99999999998224,164.99999999999466,162.99999999999557,327.99999999999113,17.079999999999988,2902.4499999999839,SSSW,provisional_assumed_short_to_long,0
8.52,156.00000000000355,158.99999999998755,45.999999999998224,134.99999999998579,106.99999999999112,158.999999999984,157.99999999998045,317.99999999997334,17.070000000000036,2884.4499999999889,SSSW,provisional_assumed_short_to_long,0
8.53,157.99999999999469,151.99999999997601,44.999999999994671,126.99999999994671,101.9999999999707,149.99999999996803,146.99999999998136,302.99999999994674,17.090000000000067,2878.4199999999573,SSSW,provisional_assumed_short_to_long,0
8.54,156.00000000001529,143.00000000006875,43.000000000015277,107.00000000015277,91.000000000084015,138.00000000009166,140.00000000005346,283.0000000001528,17.115000000000094,2862.3899999999403,SSSW,provisional_assumed_short_to_long,0
8.55,151.00000000003376,133.0000000000675,40.00000000002025,96.000000000074252,68.000000000155254,126.000000000081,132.000000000054,259.000000000162,17.140000000000093,2846.3599999999492,SSSW,provisional_assumed_short_to_long,0
8.56,143.0000000000469,121.00000000007034,38.000000000011724,92.000000000023448,56.000000000070344,98.000000000164135,106.00000000015241,246.0000000000762,17.160000000000167,2835.3299999998731,SSSW,provisional_assumed_short_to_long,0
8.57,133.00000000004974,110.00000000005471,35.000000000014921,87.000000000024869,54.000000000009948,93.000000000024869,89.000000000084555,233.00000000006466,17.190000000000257,2812.2799999998974,SSSW,provisional_assumed_short_to_long,0
8.58,120.00000000005312,106.00000000001634,31.000000000016342,68.00000000007762,51.000000000012257,61.00000000013074,74.000000000061277,217.00000000006537,17.230000000000071,2796.2099999998909,SSSW,provisional_assumed_short_to_long,0
8.59,104.00000000005116,89.000000000054357,20.000000000035172,65.000000000009592,49.000000000006395,53.00000000002558,58.000000000051159,205.00000000003837,17.239999999999966,2781.2100000000478,SSSW,provisional_assumed_short_to_long,0
8.60,80.000000000055422,76.000000000030013,20,55.000000000023093,49,50.000000000006928,49.000000000020783,191.00000000003234,17.249999999999979,2762.1800000000439,SSSW,provisional_assumed_short_to_long,0
8.61,48.000000000045475,62.000000000019895,20,54.000000000001421,48.000000000001421,49.000000000001421,42.000000000009948,178.00000000001847,17.245000000000005,2753.6850000000122,SSSW,provisional_assumed_short_to_long,0
8.62,48,57.000000000001776,19.000000000000355,54,44.000000000001421,49,41.000000000000355,171.0000000000025,17.240000000000002,2745.1900000000032,SSSW,provisional_assumed_short_to_long,0
8.63,48,55.999999999997868,18.000000000001066,53,43,49.000000000002132,34.999999999998934,161.99999999999787,17.169999999999899,2720.2999999999856,SSSW,provisional_assumed_short_to_long,0
8.64,48,51.999999999994316,20.000000000005684,53,42.999999999998579,52.999999999994316,33,157.99999999998295,16.979999999999858,2692.6299999999519,SSSW,provisional_assumed_short_to_long,0
8.65,47.999999999997691,48.000000000011546,24.000000000016165,53,42,49.000000000002309,33,145.99999999997459,16.879999999999768,2658.7399999998061,SLT,provisional_assumed_short_to_long,0
8.66,46.999999999996803,53.000000000028777,31.000000000009592,53,42.000000000003197,50.000000000003197,33,134.99999999999042,16.779999999999824,2574.8499999998035,SLT,provisional_assumed_short_to_long,0
8.67,46.000000000007283,61.999999999934452,33.999999999978151,53,42.999999999992717,50.999999999992717,33,132.00000000002186,16.724999999999778,2513.3899999997489,SLT,provisional_assumed_short_to_long,0
8.68,46.999999999993605,64.999999999980815,33.000000000006395,53,43.999999999993605,51,33,126.00000000003837,16.669999999999803,2451.9299999996765,SLT,provisional_assumed_short_to_long,0
8.69,47,68.999999999977973,33.999999999994493,53,44,51.999999999994493,33,125.00000000000551,16.629999999999765,2386.9299999999121,SLT,provisional_assumed_short_to_long,0
8.70,47,71.99999999998667,34,53,44.999999999995559,51.000000000004441,32.000000000004441,117.00000000003553,16.590000000000138,2371.9799999999791,SLT,provisional_assumed_short_to_long,0
8.71,46.000000000003553,72.999999999996447,34,53,44.000000000003553,51,34.999999999989342,115.00000000000711,16.609999999999999,2368.9599999999218,SLT,provisional_assumed_short_to_long,0
8.72,43.000000000007994,68.00000000001333,34,53,44.999999999997335,49.000000000005329,33.000000000005329,108.00000000001864,16.609999999999999,2358.9600000000269,SLT,provisional_assumed_short_to_long,0
8.73,43,71.999999999992895,34.999999999998224,53,45,49.999999999998224,32.000000000001776,106.00000000000355,16.609999999999999,2353.9500000000089,SLT,provisional_assumed_short_to_long,0
8.74,43,64.000000000007105,35,53,45.999999999999112,50,32.999999999999112,106.99999999999912,16.609999999999999,2348.9500000000044,SLT,provisional_assumed_short_to_long,0
8.75,43,70,36,53,46,50,32,108,16.605,2345.4499999999998,SLT,provisional_assumed_short_to_long,0
8.76,44.000000000000888,68.000000000005329,35.000000000002665,53,46.999999999997335,51.999999999997335,31.999999999999112,114.00000000000533,16.599999999999991,2341.9499999999962,SLT,provisional_assumed_short_to_long,0
8.77,45,74.000000000008882,38.000000000001776,53,44,49.000000000001776,31.000000000001776,119.99999999999467,16.59,2337.9599999999946,SLT,provisional_assumed_short_to_long,0
8.78,44.999999999997335,78.999999999997343,39.000000000005329,52.999999999997335,44,50,32,117.00000000000266,16.59,2334.96,SLT,provisional_assumed_short_to_long,0
8.79,44.000000000007638,78.000000000007645,40.999999999984723,52.000000000007638,44,50,32,117.99999999999235,16.59,2334.9599999999964,SLT,provisional_assumed_short_to_long,0
8.80,44.99999999999325,79.9999999999865,40.00000000000675,52,44.99999999999325,55.999999999959499,32,118,16.589999999999954,2333.9599999999955,SLT,provisional_assumed_short_to_long,0
8.81,45.999999999994138,74.000000000035172,40,52,44.000000000005862,64.999999999947249,31.000000000005862,121.99999999997655,16.579999999999941,2332.9699999999393,SLT,provisional_assumed_short_to_long,0
8.82,45.000000000004974,74,39.000000000004974,52,44,64.000000000004974,31.999999999995026,105.00000000008455,16.569999999999936,2321.9799999999295,SLT,provisional_assumed_short_to_long,0
8.83,44.000000000004086,75.999999999991829,40.999999999991829,52,44.999999999995914,67.999999999983658,32,108.99999999998366,16.559999999999999,2310.9900000000289,SLT,provisional_assumed_short_to_long,0
8.84,44.999999999996803,75.000000000003197,40.000000000003197,52,45,68.999999999996803,32,115.99999999997762,16.559999999999999,2314.9999999999873,SLT,provisional_assumed_short_to_long,0
8.85,43.000000000004619,76.999999999995381,40.999999999997691,52,45.999999999997691,69,32,118.99999999999307,16.559999999999999,2312.0000000000068,SLT,provisional_assumed_short_to_long,0
8.86,42.000000000001421,75.000000000002842,40.000000000001421,52,46,69,31.000000000001421,119.99999999999858,16.559999999999999,2310.9900000000011,SLT,provisional_assumed_short_to_long,0
8.87,42,72.000000000001066,40.999999999999645,52,46,76.999999999997158,31,116.00000000000142,16.550000000000004,2317.0099999999979,SLT,provisional_assumed_short_to_long,0
8.88,42,67.999999999997868,42,52.000000000000533,52.000000000000533,69.999999999998394,31.999999999999467,121.99999999999733,16.550000000000001,2319.0200000000009,SLT,provisional_assumed_short_to_long,0
8.89,42,63.999999999995737,42,53,53,66.999999999995737,31,117,16.550000000000001,2321.0250000000028,SLT,provisional_assumed_short_to_long,0
8.90,41.999999999997691,60.999999999997691,42,53,52.999999999997691,64,31.000000000004619,116.99999999999076,16.550000000000001,2323.030000000007,SLT,provisional_assumed_short_to_long,0
8.91,41,60,42,53,51.99999999998721,63.999999999990408,33,113.00000000000959,16.550000000000033,2326.0300000000034,SLT,provisional_assumed_short_to_long,0
8.92,41,60,42,53,48.000000000029132,61.000000000021849,33,115.99999999997814,16.559999999999956,2327.0200000000082,SLT,provisional_assumed_short_to_long,0
8.93,40.000000000006395,56.00000000002558,41.000000000006395,53,49.99999999998721,51.000000000063949,33,116.99999999999361,16.550000000000001,2329.0300000000102,SLT,provisional_assumed_short_to_long,0
8.94,37.00000000001652,53.00000000001652,41,53,56.999999999961453,49.000000000011013,32.000000000005507,120.99999999997797,16.550000000000061,2331.0299999999943,SLT,provisional_assumed_short_to_long,0
8.95,37,53.999999999995559,41,53.999999999995559,57.999999999995559,48.000000000004441,32.999999999995559,124.99999999998224,16.560000000000034,2330.0200000000036,SLT,provisional_assumed_short_to_long,0
8.96,37,51.000000000010658,38.000000000010658,53.000000000003553,52.000000000021316,48,33,125.99999999999645,16.565000000000012,2330.5150000000012,SLT,provisional_assumed_short_to_long,0
8.97,37,43.000000000021316,38,53,53.999999999994671,48,33.999999999997335,129.99999999998934,16.569999999999986,2331.0099999999989,SLT,provisional_assumed_short_to_long,0
8.98,37,39.000000000007105,38,53,58.999999999991118,48,34,133.99999999999289,16.579999999999981,2332.9899999999961,SLT,provisional_assumed_short_to_long,0
8.99,36.000000000000888,35.000000000003553,39.999999999998224,53,59,48,34,139.99999999999466,16.599999999999984,2339.9499999999935,SLT,provisional_assumed_short_to_long,0
9.00,30,38,41,52,60,48,34,148,16.600000000000001,2344.96,SLT,provisional_assumed_short_to_long,0
9.01,37,36.000000000002665,41.000000000000888,53,60.000000000000888,48,34,155.00000000001154,16.600000000000001,2352.9700000000003,SLT,provisional_assumed_short_to_long,0
9.02,37,39,41.999999999998224,52.999999999998224,60.999999999998224,48.000000000001776,34,168.0000000000089,16.600000000000001,2353.4700000000007,SLT,provisional_assumed_short_to_long,0
9.03,37,39.000000000002665,41.000000000005329,52,60,49,34,173.00000000000799,16.600000000000001,2353.9699999999943,SLT,provisional_assumed_short_to_long,0
9.04,37,39.999999999992362,42.999999999984723,52,60,49,34,175.99999999997709,16.600000000000076,2351.9599999999964,SLT,provisional_assumed_short_to_long,0
9.05,37,39.00000000000675,42.00000000000675,53.9999999999865,60.99999999999325,48.00000000000675,33.00000000000675,177.9999999999865,16.619999999999955,2350.9300000000185,SLT,provisional_assumed_short_to_long,0
9.06,37.999999999994138,43.99999999997069,42,53.000000000005862,61,48.999999999994138,33.999999999994138,187.99999999994139,16.609999999999722,2354.9499999999948,SLT,provisional_assumed_short_to_long,0
9.07,38,50.999999999965183,42.999999999995026,53.999999999995026,70.999999999950262,48.000000000004974,33.000000000004974,179.00000000004476,16.559999999999231,2354.0099999999179,SLT,provisional_assumed_short_to_long,0
9.08,38.999999999995914,52.999999999991829,43.999999999995914,54.999999999995914,87.999999999930537,48,33.999999999995914,179,16.439999999998545,2341.1499999996668,SLT,provisional_assumed_short_to_long,0
9.09,40.999999999993605,53,44.999999999996803,58.99999999998721,104.99999999994564,48,33.000000000003197,185.9999999999776,16.239999999999505,2295.3549999998863,SLT,provisional_assumed_short_to_long,0
9.10,43.999999999993072,55.999999999993072,45,63.999999999988454,115.99999999997459,48.999999999997691,39.999999999983835,193.99999999998153,16.040000000000461,2249.5600000001059,SLT,provisional_assumed_short_to_long,0
9.11,45.999999999997158,64.99999999998721,43.000000000002842,64.999999999998579,131.99999999997726,60.999999999982947,61.999999999968736,198.99999999999289,15.380000000000939,2293.2099999999382,SLT,provisional_assumed_short_to_long,0
9.12,46,66.999999999999289,45.999999999998934,66.999999999999289,145.99999999999503,76.999999999994316,90.999999999989697,212.99999999999503,14.96000000000015,2319.6599999999903,SLT,provisional_assumed_short_to_long,0
9.13,48.000000000010125,67.000000000005869,45.000000000001599,83.000000000004803,153.00000000000585,76.000000000014396,111.00000000000693,226.0000000000048,14.870000000000031,2355.8700000000522,SLT,provisional_assumed_short_to_long,0
9.14,67.000000000069633,78,47.999999999998579,92.000000000018474,164.00000000001563,103.00000000001705,123.99999999999716,235.00000000003695,14.930000000000049,2454.0200000000527,SLT,provisional_assumed_short_to_long,0
9.15,116.0000000000739,78.000000000016172,47.000000000002309,105.00000000006466,175.00000000004158,115.00000000004157,122.00000000005774,261.00000000006696,14.965000000000082,2491.0550000000858,SLT,provisional_assumed_short_to_long,0
9.16,148.00000000005116,85.00000000001279,48,133.00000000004476,193.00000000003516,133.00000000000958,147.00000000005116,290.00000000005116,15.000000000000576,2528.0900000001443,SLT,provisional_assumed_short_to_long,0
9.17,163.99999999988347,88.999999999970868,48,146.99999999989802,203.99999999991988,135.99999999997814,162.99999999988347,305.99999999988347,15.180000000000122,2573.1100000001798,SLT,provisional_assumed_short_to_long,0
9.18,178.99999999990408,96.999999999948841,48.999999999993605,158.99999999992326,204,141.99999999996163,171.99999999994245,306,15.21000000000015,2617.1300000001943,SLT,provisional_assumed_short_to_long,0
9.19,182.99999999997797,94.000000000016513,48.000000000005507,160.99999999998897,204,149.99999999995595,170.00000000001103,312.99999999996146,15.239999999999824,2656.1500000004398,SLT,provisional_assumed_short_to_long,0
9.20,181.00000000000887,88.000000000026645,48.999999999995559,163.99999999998667,204.99999999999557,149.00000000000443,178.99999999996004,304.00000000003996,15.209999999999932,2731.170000000222,SLT,provisional_assumed_short_to_long,0
9.21,182.99999999999289,89.999999999992895,49.999999999996447,165.99999999999289,207.99999999998934,151.99999999998934,192.99999999995026,303.00000000000352,15.199999999999608,2763.2000000003204,SLT,provisional_assumed_short_to_long,0
9.22,184.99999999999466,90,50,172.99999999998136,211.99999999998934,155.99999999998934,200.99999999997868,295.00000000002132,15.150000000000134,2804.2399999998906,SLT,provisional_assumed_short_to_long,0
9.23,183.00000000000355,90.999999999998224,50,176.99999999999289,211.00000000000176,162.99999999998755,207.99999999998755,289.00000000001069,15.120000000000054,2819.264999999973,SLT,provisional_assumed_short_to_long,0
9.24,181.00000000000176,92.999999999998224,49.000000000000888,177.99999999999912,214.99999999999645,166.99999999999645,203.00000000000443,290.99999999999824,15.090000000000027,2834.2899999999868,SLT,provisional_assumed_short_to_long,0
9.25,180,94,50,179,212,173,196,293,15.039999999999999,2864.3299999999999,SLT,provisional_assumed_short_to_long,0
9.26,188.99999999999557,93.999999999996447,50,181.00000000000179,210.99999999999645,176.99999999999912,191.00000000000088,294.00000000000176,15.02,2909.3300000000204,SLT,provisional_assumed_short_to_long,0
9.27,184.00000000000711,89.999999999991118,50,183.0000000000089,207.00000000000179,176.00000000001245,191.99999999998755,296.00000000000534,15.019999999999857,2932.3200000000784,SLT,provisional_assumed_short_to_long,0
9.28,187.99999999998934,85.000000000005329,50.000000000002665,188.00000000000531,207.99999999999469,183.00000000000531,185.00000000000267,299.00000000001063,14.940000000000133,2976.3100000000054,SLT,provisional_assumed_short_to_long,0
9.29,184.00000000003055,86.999999999984723,50.999999999992362,189.99999999998471,206.00000000001529,184.99999999998471,185.99999999999235,302.99999999996942,14.990000000000187,2978.3050000000076,SLT,provisional_assumed_short_to_long,0
9.30,176.000000000054,81.000000000040501,51,192.99999999997976,207.9999999999865,182.00000000002024,188.99999999997976,303.99999999999324,15.040000000000045,2980.3000000001111,SLT,provisional_assumed_short_to_long,0
9.31,171.0000000000293,77.000000000023448,50.000000000005862,193.99999999999415,209.99999999998829,185.99999999997655,189.99999999999415,300.00000000002342,15.050000000000111,3004.2800000000884,SLT,provisional_assumed_short_to_long,0
9.32,159.00000000005969,73.000000000019895,50,196.99999999998508,207.00000000001492,189.9999999999801,191.99999999999005,299.000000000005,15.070000000000256,3020.2599999999807,SLT,provisional_assumed_short_to_long,0
9.33,153.0000000000245,71.000000000008171,50,197,200.00000000002859,190,181.00000000004493,291.00000000003268,15.110000000000364,3017.2300000000287,SLT,provisional_assumed_short_to_long,0
9.34,144.00000000002876,78.99999999997442,50,195.00000000000639,188.00000000003837,186.00000000001279,181.99999999999682,281.00000000003195,15.15999999999984,3021.1899999999873,SLT,provisional_assumed_short_to_long,0
9.35,142.0000000000046,77.000000000004619,50,191.00000000000924,183.00000000001154,181.00000000001154,189.99999999998153,274.00000000001614,15.18999999999993,3024.1699999999933,SLT,provisional_assumed_short_to_long,0
9.36,128.0000000000199,79.999999999995737,49.000000000001421,189.00000000000284,178.00000000000711,175.00000000000853,176.0000000000199,265.00000000001279,15.219999999999958,3027.149999999996,SLT,provisional_assumed_short_to_long,0
9.37,124.00000000000142,80.999999999999645,49.999999999999645,183.00000000000213,167.00000000000392,167.00000000000284,175.00000000000034,260.00000000000176,15.279999999999978,3029.099999999999,SLT,provisional_assumed_short_to_long,0
9.38,108.99999999999733,74.999999999997868,49.999999999998934,178.9999999999952,163.99999999999628,157.99999999999574,176.99999999999253,245.99999999999307,15.360000000000042,3021.0399999999963,SLT,provisional_assumed_short_to_long,0
9.39,103.99999999997726,70.999999999990052,48.000000000001421,169.99999999998863,156.99999999998863,149.9999999999801,163.00000000000711,232.99999999999289,15.440000000000099,3013.970000000008,SLT,provisional_assumed_short_to_long,0
9.40,87.999999999930722,63.999999999997691,48.999999999997691,161.99999999996999,148.99999999996766,136.00000000001154,167.99999999998613,227.99999999999076,15.510000000000208,3019.8800000000019,SLT,provisional_assumed_short_to_long,0
9.41,57.999999999977618,63.000000000006395,48,148.99999999998403,134.99999999994884,140.99999999995524,161.99999999996484,223.99999999999361,15.600000000000144,3020.7400000000061,SLT,provisional_assumed_short_to_long,0
9.42,51.000000000050981,64.999999999985434,48,144.00000000003641,119.00000000011653,127.00000000010196,151.00000000008012,222.00000000001455,15.645000000000184,3022.6600000000076,SLT,provisional_assumed_short_to_long,0
9.43,49.00000000001279,66.99999999998721,48,140.00000000002558,116.00000000001918,118.00000000005755,154.99999999997442,219.00000000001918,15.690000000000547,3024.580000000014,SLT,provisional_assumed_short_to_long,0
9.44,49,67.999999999994486,48.999999999994493,132.00000000004405,115.00000000000551,122.99999999997246,138.00000000009362,216.00000000001651,15.800000000000528,3027.3700000000285,SLT,provisional_assumed_short_to_long,0
9.45,49,70.99999999998667,48.000000000004441,126.00000000002665,113.00000000000888,125.99999999998667,132.00000000002666,217.99999999999113,15.890000000000278,3032.2400000000475,SLT,provisional_assumed_short_to_long,0
9.46,48.000000000003553,69.000000000007105,48,115.00000000003908,113.99999999999645,125.00000000000355,132,217.00000000000355,15.930000000000625,3039.1299999999987,SLT,provisional_assumed_short_to_long,0
9.47,48,69.999999999997328,48.999999999997335,108.00000000001864,114,127.99999999999201,121.0000000000293,218.99999999999466,16.009999999999788,3038.9700000000003,SLT,provisional_assumed_short_to_long,0
9.48,48.999999999998224,70,48.000000000001776,104.00000000000711,114,130.99999999999466,121,220.99999999999645,16.05999999999991,3043.8499999999913,SLT,provisional_assumed_short_to_long,0
9.49,53.999999999995559,70.999999999999119,48,104,113.00000000000088,131,122.99999999999822,229.99999999999201,16.109999999999957,3052.7399999999921,SLT,provisional_assumed_short_to_long,0
9.50,64,76,48,104,114,130,129,233,16.129999999999999,3054.2049999999999,SLT,provisional_assumed_short_to_long,0
9.51,74.000000000010658,83.00000000001333,47.999999999999112,108.00000000000445,117.00000000000267,129.00000000000622,139.00000000000443,236.00000000000711,16.150000000000045,3055.6700000000046,SLT,provisional_assumed_short_to_long,0
9.52,86.000000000030198,98.000000000035527,47,113.00000000000888,120.00000000000178,136,144.0000000000089,244.00000000001776,16.200000000000141,3060.570000000007,SLT,provisional_assumed_short_to_long,0
9.53,103.00000000002665,118.0000000000373,47.000000000002665,118.00000000002132,121.00000000004529,136.00000000000799,149,254.0000000000293,16.280000000000083,3064.4399999999919,SLT,provisional_assumed_short_to_long,0
9.54,112.99999999992362,131.99999999989308,47.999999999992362,125.99999999993889,137.99999999987014,138.99999999997709,149,264.99999999991599,16.310000000000148,3061.4099999999999,SLT,provisional_assumed_short_to_long,0
9.55,116.999999999973,141.9999999999325,48,132.99999999995276,139.9999999999865,125.0000000000945,155.99999999995276,274.99999999993247,16.350000000000232,3061.3500000000408,SLT,provisional_assumed_short_to_long,0
9.56,124.9999999999531,150.99999999994725,48,143.99999999993551,144.9999999999707,134.99999999994139,160.9999999999707,289.99999999991206,16.399999999999999,3070.2600000000002,SLT,provisional_assumed_short_to_long,0
9.57,132.99999999996021,159.99999999995524,48,151.99999999996021,149.99999999997513,144.99999999995026,158.00000000001492,297.99999999996021,16.399999999999999,3070.2850000000003,SLT,provisional_assumed_short_to_long,0
9.58,141.99999999996322,174.99999999993872,48.999999999995914,163.99999999995097,157.99999999996732,153.99999999996322,165.99999999996732,304.99999999997141,16.399999999999562,3070.3099999999795,SLT,provisional_assumed_short_to_long,0
9.59,149.99999999997442,185.99999999996481,49,177.99999999995524,165.99999999997442,163.99999999996803,172.9999999999776,315.99999999996481,16.340000000000192,3067.5300000000093,SLT,provisional_assumed_short_to_long,0
9.60,158.99999999997922,189.99999999999076,49,185.99999999998153,171.99999999998613,166.99999999999307,178.99999999998613,332.99999999996072,16.529999999999561,3057.160000000024,SLT,provisional_assumed_short_to_long,0
9.61,165.99999999999005,200.99999999998437,49,191.99999999999147,175.99999999999432,177.99999999998437,184.99999999999147,337.99999999999289,16.589999999999915,3040.0900000000242,SLT,provisional_assumed_short_to_long,0
9.62,176.99999999999608,204.99999999999858,49,200.99999999999682,186.99999999999608,187.99999999999645,196.99999999999574,344.9999999999975,16.709999999999958,3036.900000000001,SLT,provisional_assumed_short_to_long,0
9.63,178.0000000000048,199.00000000000213,49.000000000000533,209.00000000000267,196.00000000000159,197.00000000000054,199.00000000000534,351.00000000000318,16.730000000000011,3035.3999999999992,SLT,provisional_assumed_short_to_long,0
9.64,187.00000000001705,203.00000000000568,50,214.00000000001279,199.00000000000426,198.00000000000711,209.00000000001421,357.00000000000995,16.750000000000057,3033.8999999999814,SLT,provisional_assumed_short_to_long,0
9.65,199.00000000002771,206.99999999999537,50,223.00000000003695,202.00000000000693,203.00000000002078,219.00000000002078,364.00000000003001,16.790000000000092,3020.8900000000021,SLT,provisional_assumed_short_to_long,0
9.66,211.00000000002876,205.00000000000318,50,239.00000000003516,205.00000000001597,212.00000000002876,228.00000000003197,377.00000000003195,16.830000000000158,3021.8400000000097,SLT,provisional_assumed_short_to_long,0
9.67,219.99999999993446,205.99999999999272,50,249.99999999991988,209.99999999996359,220.99999999993446,237.99999999992718,386.99999999992718,16.880000000000205,3024.8099999999959,SLT,provisional_assumed_short_to_long,0
9.68,223.99999999997442,212.99999999995524,50,262.99999999991689,213.99999999997442,221,243.99999999996163,391.99999999996805,16.930000000000099,3023.7700000000145,SLT,provisional_assumed_short_to_long,0
9.69,225.99999999998897,216.99999999997797,49.000000000005507,266.99999999997794,214.99999999999449,224.99999999997797,245.99999999998897,395.99999999997794,16.950000000000234,3026.7300000000705,SLT,provisional_assumed_short_to_long,0
9.70,226.99999999999557,216.00000000000443,49,269.9999999999867,215,224.00000000000443,247.99999999999113,398.9999999999867,16.990000000000279,3038.7350000000829,SLT,provisional_assumed_short_to_long,0
9.71,225.00000000000711,216.99999999999645,49.999999999996447,270,215,225.99999999999289,248,399.99999999999648,17.030000000000392,3050.739999999782,SLT,provisional_assumed_short_to_long,0
9.72,225,214.00000000000799,49.000000000002665,262.00000000002132,212.00000000000799,228.99999999999201,247.00000000000267,400,17.079999999999863,3022.850000000074,SLT,provisional_assumed_short_to_long,0
9.73,223.00000000000355,210.00000000000711,48.000000000001776,254.00000000001421,208.00000000000711,219.00000000001776,240.00000000001245,399.00000000000176,17.149999999999874,3025.729999999995,SLT,provisional_assumed_short_to_long,0
9.74,223.99999999999912,201.00000000000799,47.000000000000888,240.00000000001245,203.00000000000443,212.00000000000622,230.00000000000887,394.00000000000443,17.189999999999966,3009.640000000014,SLT,provisional_assumed_short_to_long,0
9.75,221,193,45,231,194,203,228,385,17.25,2983.52,SLT,provisional_assumed_short_to_long,0
9.76,215.99999999999289,178.99999999999733,42.999999999996447,214.99999999998312,173.99999999997689,186.99999999997689,215.99999999997868,365.99999999997425,17.350000000000019,2954.2999999999865,SLT,provisional_assumed_short_to_long,0
9.77,207.9999999999911,175.99999999998224,38.999999999994671,195.99999999994492,147.99999999994316,160.99999999998579,191.99999999997689,336.99999999995202,17.370000000000037,2938.7599999999725,SLT,provisional_assumed_short_to_long,0
9.78,202.99999999999733,165.99999999995205,35.999999999986677,164.99999999992272,115.99999999993072,152.9999999999547,178.99999999993872,309.99999999991206,17.389999999999972,2923.2199999999038,SLT,provisional_assumed_short_to_long,0
9.79,202.00000000000765,148.0000000001375,31.000000000038192,136.00000000022152,90.000000000198597,136.00000000012986,156.00000000017567,277.00000000025204,17.379999999999999,2887.2199999999066,SLT,provisional_assumed_short_to_long,0
9.80,199.00000000002024,138.0000000000675,19.000000000081002,102.00000000022951,57.000000000222755,104.000000000216,137.00000000012824,250.00000000018224,17.379999999999999,2862.1899999998427,SLT,provisional_assumed_short_to_long,0
9.81,194.0000000000293,118.00000000011724,5.0000000000820677,90.000000000070344,52.00000000002931,92.000000000070344,118.00000000011138,229.00000000012309,17.379999999999889,2828.1699999997577,SLT,provisional_assumed_short_to_long,0
9.82,188.00000000002984,103.00000000007461,2.4868995751603507e-11,68.000000000109424,48.000000000019895,71.00000000010445,102.00000000007958,211.00000000008953,17.359999999999648,2784.1499999997732,SLT,provisional_assumed_short_to_long,0
9.83,178.00000000004087,99.000000000016342,0,65.00000000001225,46.000000000008171,64.000000000028592,86.00000000006537,200.00000000004493,17.304999999999911,2748.6649999999431,SLT,provisional_assumed_short_to_long,0
9.84,175.00000000000961,90.000000000028777,0,63.000000000006395,46.999999999996803,66.999999999990408,58.000000000089528,194.00000000001918,17.250000000000178,2713.1800000001131,SLT,provisional_assumed_short_to_long,0
9.85,159.00000000003695,90,0,63,46.000000000002309,68.999999999995381,46.000000000027711,187.00000000001617,17.020000000000529,2666.5600000001077,SLT,provisional_assumed_short_to_long,0
9.86,140.000000000027,85.000000000007105,0,62.000000000001421,45.000000000001421,89.999999999970157,41.000000000007105,173.0000000000199,16.790000000000326,2562.8300000001473,SLT,provisional_assumed_short_to_long,0
9.87,105.00000000001243,80.000000000001776,0,59.000000000001066,45,104.99999999999467,36.000000000001776,164.00000000000318,16.640000000000054,2380.9300000000644,SSLW,provisional_assumed_short_to_long,0
9.88,59.999999999993605,76.99999999999946,15.000000000003197,54.999999999999467,44.000000000000533,110.00000000000533,34,156.99999999999679,16.410000000000011,2093.9400000000223,SSLW,provisional_assumed_short_to_long,0
9.89,47.999999999998579,75.999999999994316,21.00000000001279,54,45.000000000001421,120.00000000001137,33.999999999997158,151.00000000000284,16.430000000000007,2135.9600000000009,SSLW,provisional_assumed_short_to_long,0
9.90,46.999999999997691,72.000000000011553,30.000000000002309,54,45.999999999997691,127.99999999999076,32.000000000002309,152.99999999999076,16.435000000000013,2136.4550000000013,SSLW,provisional_assumed_short_to_long,0
9.91,45.999999999996803,77.000000000006395,31.000000000003197,54,45.000000000003197,123.9999999999968,33.000000000009592,148.99999999999682,16.440000000000001,2136.9499999999775,SSLW,provisional_assumed_short_to_long,0
9.92,45.000000000007283,78.999999999985434,31.999999999992717,54,45.999999999992717,123.00000000000728,35.999999999978151,148.00000000000728,16.440000000000001,2129.9399999999387,SSLW,provisional_assumed_short_to_long,0
9.93,44.000000000006395,71.000000000051159,32.999999999993605,54,45.000000000006395,120.00000000001918,36,141.00000000004476,16.440000000000051,2114.9200000000496,SSLW,provisional_assumed_short_to_long,0
9.94,44,71.999999999994486,33.999999999994493,54,44.000000000005507,99.000000000115648,33.00000000001652,131.00000000005508,16.45000000000006,2124.9200000000646,SSLW,provisional_assumed_short_to_long,0
9.95,44,70.000000000008882,34,54,44.999999999995559,95.000000000017764,35.999999999986677,124.00000000003109,16.460000000000036,2135.9200000000315,SSLW,provisional_assumed_short_to_long,0
9.96,44,75.999999999978684,34,54,45.999999999996447,102.99999999997158,35.000000000003553,122.00000000000711,16.465000000000011,2140.4200000000096,SSLW,provisional_assumed_short_to_long,0
9.97,43.000000000002665,78.999999999992013,34.999999999997335,54,44.000000000005329,94.000000000023988,32.000000000007994,120.00000000000533,16.469999999999985,2144.9199999999882,SSLW,provisional_assumed_short_to_long,0
9.98,43,79.999999999998224,35.999999999998224,53.000000000001776,44.999999999998224,94,32,120.99999999999822,16.469999999999999,2149.9299999999907,SSLW,provisional_assumed_short_to_long,0
9.99,43.999999999999112,74.000000000005329,36,53,45,96.999999999997328,32,121,16.469999999999999,2157.9299999999926,SSLW,provisional_assumed_short_to_long,0
10.00,43,72,37,54,45,96,32,114,16.469999999999999,2163.9299999999998,SSLW,provisional_assumed_short_to_long,0
10.01,45.999999999998224,74.000000000000895,38,53.999999999999112,44,98,31,113.00000000000622,16.46999999999997,2165.9299999999721,SSLW,provisional_assumed_short_to_long,0
10.02,44.000000000001776,74.999999999994671,38.000000000001776,53,44.000000000001776,97.999999999992895,31.000000000001776,119.99999999999112,16.440000000000019,2134.9400000000105,SSLW,provisional_assumed_short_to_long,0
10.03,45,72,39,53,45.000000000002665,93.999999999978684,32,114.99999999999467,16.450000000000014,2140.9200000000069,SSLW,provisional_assumed_short_to_long,0
10.04,45,72,39,53,45.999999999992362,86.000000000061107,32,113.00000000001528,16.45500000000002,2143.4200000000096,SSLW,provisional_assumed_short_to_long,0
10.05,44.00000000000675,72.99999999999325,36.00000000002025,53,46.99999999999325,86,32,110.00000000002025,16.459999999999862,2145.9200000000096,SSLW,provisional_assumed_short_to_long,0
10.06,44,66.000000000041041,36.999999999994138,53,48.999999999988276,86.999999999994145,32,117.9999999999531,16.429999999999943,2147.9800000000332,SSLW,provisional_assumed_short_to_long,0
10.07,43.000000000004974,71.999999999970157,35.000000000009948,53,49.999999999995026,87.999999999995026,32,109.00000000004476,16.42000000000013,2153.9900000000443,SSLW,provisional_assumed_short_to_long,0
10.08,42.000000000004086,66.000000000024514,36.999999999991829,53,50,79.000000000036778,31.000000000004086,116.99999999996732,16.43999999999993,2160.9800000000582,SSLW,provisional_assumed_short_to_long,0
10.09,42.999999999996803,68.999999999990408,37,53,50,76.000000000009592,31.999999999996803,123.99999999997762,16.430000000000032,2168.9899999999743,SSLW,provisional_assumed_short_to_long,0
10.10,42.000000000002309,62.000000000016165,36.000000000002309,53,50,72.000000000009237,32,128.99999999998846,16.434999999999988,2174.4949999999872,SSLW,provisional_assumed_short_to_long,0
10.11,42.999999999998579,62.999999999998579,36.999999999998579,53,50,67.000000000007105,32,127.00000000000284,16.439999999999994,2179.9999999999923,SSLW,provisional_assumed_short_to_long,0
10.12,43,60.000000000001066,36.000000000000355,53,50,68.999999999999289,32,129.99999999999892,16.440000000000001,2181.9999999999991,SSLW,provisional_assumed_short_to_long,0
10.13,41.999999999998934,53.999999999998934,34.999999999999467,53,50,66.999999999998394,32,124.99999999999574,16.440000000000008,2193.0100000000025,SSLW,provisional_assumed_short_to_long,0
10.14,40,51.999999999995737,33.999999999998579,52.999999999998579,50.000000000001421,63.999999999981526,32,116.99999999998153,16.450000000000014,2197,SSLW,provisional_assumed_short_to_long,0
10.15,40,49.000000000009237,33,51.999999999997691,50.999999999997691,50.999999999997691,32,103.99999999999768,16.460000000000026,2196.9800000000187,SSLW,provisional_assumed_short_to_long,0
10.16,39.999999999996803,52.999999999993605,33,51.000000000006395,49.99999999998721,49.999999999993605,32,102.99999999999041,16.470000000000017,2204.9800000000064,SSLW,provisional_assumed_short_to_long,0
10.17,39.000000000007283,51.000000000014566,33,52.999999999985434,46.000000000029132,48.000000000014566,32,100.00000000002186,16.475000000000019,2206.970000000008,SSLW,provisional_assumed_short_to_long,0
10.18,38.000000000006395,47.00000000002558,33,53,45.000000000006395,48,32,93.000000000044764,16.48,2208.96000000003,SSLW,provisional_assumed_short_to_long,0
10.19,38,46.000000000005507,33,53,44.000000000005507,48,32,90.000000000016513,16.48,2214.9800000000118,SSLW,provisional_assumed_short_to_long,0
10.20,37.000000000004441,46.999999999995559,33,53,45.999999999991118,47.000000000004441,31.000000000004441,92.99999999998667,16.479999999999929,2216.9900000000416,SSLW,provisional_assumed_short_to_long,0
10.21,37.999999999996447,48.999999999992895,35.999999999989342,53,46,47,31,88.000000000017764,16.469999999999999,2223.0000000000077,SSLW,provisional_assumed_short_to_long,0
10.22,38,44.000000000013323,39.999999999989342,53,46,47,31,97.999999999973355,16.469999999999999,2224.0099999999975,SSLW,provisional_assumed_short_to_long,0
10.23,38,48.999999999991118,40,53,46.999999999998224,47,31,114.9999999999698,16.460000000000019,2227.0199999999945,SSLW,provisional_assumed_short_to_long,0
10.24,38,45.000000000003553,37.000000000002665,53.999999999999112,47.999999999999112,47,31,121.99999999999378,16.499999999999964,2230.9599999999964,SSLW,provisional_assumed_short_to_long,0
10.25,39,45,40,53,48,47,31,143,16.524999999999999,2235.9200000000001,SSLW,provisional_assumed_short_to_long,0
10.26,41,46.000000000008882,39,54.000000000000888,46.000000000002665,47,31,166.00000000001509,16.550000000000001,2240.8800000000169,SSLW,provisional_assumed_short_to_long,0
10.27,41.000000000003553,56.000000000001776,38.999999999998224,55,49.000000000003553,47,31,183.00000000000179,16.550000000000018,2259.9100000000194,SSLW,provisional_assumed_short_to_long,0
10.28,43,56.999999999986677,38,55,51.000000000010658,47,30.999999999997335,184.00000000000267,16.55999999999997,2270.8900000000081,SSLW,provisional_assumed_short_to_long,0
10.29,43,52.000000000038192,38,55,54.999999999969447,47,30.000000000007638,184.99999999999235,16.550000000000075,2273.9200000000001,SSLW,provisional_assumed_short_to_long,0
10.30,43,51.00000000000675,39.9999999999865,58.999999999972999,55,47,30.99999999999325,185,16.57,2273.879999999991,SSLW,provisional_assumed_short_to_long,0
10.31,43.999999999994138,58.999999999953104,39.000000000005862,58.000000000005862,55.999999999994138,47,31,182.00000000001759,16.57,2271.8799999999892,SSLW,provisional_assumed_short_to_long,0
10.32,44.999999999995026,64.999999999970157,39,58,56.999999999995026,47,31.999999999995026,190.99999999995524,16.569999999999936,2269.8799999999683,SSLW,provisional_assumed_short_to_long,0
10.33,45.999999999995914,69.999999999979565,39.999999999995914,58.999999999995914,57,47,32,191.99999999999591,16.559999999999199,2264.8900000000081,SSLW,provisional_assumed_short_to_long,0
10.34,47.999999999993605,69.000000000003197,41.999999999993605,59,57,47,32,200.99999999997124,16.450000000000351,2266.0299999999966,SSLW,provisional_assumed_short_to_long,0
10.35,49.499999999996533,67.500000000003467,41.500000000001151,58.000000000002309,57,47,32,198.50000000000577,15.640000000001871,2259.130000000016,SSLW,provisional_assumed_short_to_long,0
10.36,50.999999999997868,66.000000000002132,41.000000000000711,57.000000000001421,57,47,32,196.00000000000355,14.440000000001705,2280.8599999999692,SSLW,provisional_assumed_short_to_long,0
10.37,65.999999999994671,68.999999999998934,41.999999999999645,53.000000000001421,96.999999999985789,47,50.99999999999325,180.00000000000568,13.40000000000037,2163.1500000000419,SSLW,provisional_assumed_short_to_long,0
10.38,119.00000000001918,73.000000000003737,41.000000000001599,62.000000000011191,152.00000000000799,56.000000000021316,77.999999999997328,222.0000000000048,13.30499999999995,2163.7200000000003,SSLW,provisional_assumed_short_to_long,0
10.39,155.00000000003411,80.000000000004263,44.000000000005684,83.000000000011369,167.00000000001705,96.000000000011369,72.99999999998721,231.00000000003268,13.210000000000655,2164.2900000003683,SSLW,provisional_assumed_short_to_long,0
10.40,179.00000000006929,83.000000000023093,48.000000000002309,91.000000000004619,179.00000000000924,104,64.000000000027711,254.00000000002078,13.670000000000831,2423.4100000003855,SSLW,provisional_assumed_short_to_long,0
10.41,209.00000000013108,92.999999999961631,49,93.000000000028777,183.00000000001597,104.00000000001279,76.000000000070344,263.00000000003195,14.030000000000575,2590.4900000001949,SSLW,provisional_assumed_short_to_long,0
10.42,249.9999999997014,81.000000000087397,49,101.99999999993446,187.99999999996359,107.99999999997087,97.999999999839773,272.99999999992718,14.210000000000777,2651.5000000001469,SSLW,provisional_assumed_short_to_long,0
10.43,253.99999999997442,79.500000000009592,49,115.49999999991367,191.4999999999776,115.99999999994884,106.49999999994564,279.49999999995845,14.400000000000746,2687.5000000002037,SSLW,provisional_assumed_short_to_long,0
10.44,257.99999999997794,78.000000000008257,49,128.99999999992565,194.99999999998073,123.99999999995595,114.99999999995319,285.99999999996419,14.550000000000294,2728.4800000001314,SSLW,provisional_assumed_short_to_long,0
10.45,281.99999999989342,75.00000000001333,49.999999999995559,144.99999999992895,205.99999999995114,140.99999999992451,114.00000000000443,306.99999999990672,14.600000000000346,2750.9250000001553,SSLW,provisional_assumed_short_to_long,0
10.46,293.99999999995737,75.999999999996447,49.000000000003553,155.99999999996092,206,162.99999999992184,142.99999999989697,312.99999999997868,14.650000000001095,2773.3700000000622,SSLW,provisional_assumed_short_to_long,0
10.47,314.99999999994407,79.999999999989342,49,159.99999999998934,209.99999999998934,173.9999999999707,154.99999999996803,319.99999999998136,14.789999999999626,2781.3299999999786,SSLW,provisional_assumed_short_to_long,0
10.48,317.99999999999466,82.999999999994671,49,160,213.99999999999289,177.99999999999289,160.99999999998934,319.50000000000091,14.720000000000125,2844.3199999998883,SSLW,provisional_assumed_short_to_long,0
10.49,320.99999999999733,85.999999999997328,49,160,217.99999999999645,181.99999999999645,166.99999999999466,319.00000000000045,14.739999999999982,2860.2899999999859,SSLW,provisional_assumed_short_to_long,0
10.50,303,86,49,163,221,186,175,322,14.75,2841.3499999999999,SSLW,provisional_assumed_short_to_long,0
10.51,294.9999999999942,82.999999999998224,49.000000000000448,164.00000000000134,215.99999999999335,186.99999999999778,185.99999999999511,325.00000000000091,14.825000000000067,2828.8399999999888,SSLW,provisional_assumed_short_to_long,0
10.52,288.49999999998846,80.999999999996447,49.500000000000888,165.50000000000267,208.49999999998667,184.49999999999557,180.49999999999022,326.00000000000176,14.90000000000016,2816.3300000000017,SSLW,provisional_assumed_short_to_long,0
10.53,281.99999999995737,78.999999999989342,50,166.99999999999733,200.99999999997868,181.9999999999547,174.99999999999201,326.99999999999733,14.990000000000267,2817.2999999999975,SSLW,provisional_assumed_short_to_long,0
10.54,266.00000000012221,75.000000000030553,50,166.00000000000765,193.00000000006111,165.00000000012986,172.00000000002291,326.00000000000762,15.090000000000336,2816.2600000000111,SSLW,provisional_assumed_short_to_long,0
10.55,251.00000000010124,72.00000000002025,50.99999999999325,164.0000000000135,182.00000000007424,170.9999999999595,173.9999999999865,324.00000000001353,15.180000000000415,2819.1800000000412,SSLW,provisional_assumed_short_to_long,0
10.56,230.00000000012309,70.000000000011724,50.000000000005862,158.00000000003519,173.00000000005275,168.00000000001759,167.00000000004104,316.0000000000469,15.27000000000055,2828.1300000000219,SSLW,provisional_assumed_short_to_long,0
10.57,201.00000000014424,67.000000000014921,49.000000000004974,148.00000000004974,167.00000000002984,162.00000000002984,172.99999999997016,301.00000000007458,15.370000000000255,2832.0700000000352,SSLW,provisional_assumed_short_to_long,0
10.58,180.00000000008581,63.000000000016342,49,144.00000000001634,170.99999999998366,162.99999999999591,175.99999999998775,283.00000000007356,15.410000000000064,2837.5400000000091,SSLW,provisional_assumed_short_to_long,0
10.59,165.50000000004636,58.000000000015987,49,140.5000000000112,157.00000000004476,151.00000000003837,181.99999999998082,265.50000000005593,15.449999999999871,2843.0099999999829,SSLW,provisional_assumed_short_to_long,0
10.60,151.00000000003348,53.000000000011546,49,137.00000000000807,143.00000000003234,139.00000000002771,187.99999999998613,248.00000000004042,15.529999999999815,2849.9499999999839,SSLW,provisional_assumed_short_to_long,0
10.61,126.00000000003553,51.000000000002842,49.999999999998579,127.00000000001421,134.00000000001279,139,183.00000000000711,223.00000000003553,15.619999999999871,2865.8599999999774,SSLW,provisional_assumed_short_to_long,0
10.62,115.00000000000391,50.000000000000355,48.000000000000711,110.00000000000604,118.00000000000568,137.00000000000071,179.00000000000142,205.00000000000639,15.709999999999969,2876.7499999999959,SSLW,provisional_assumed_short_to_long,0
10.63,100.9999999999968,47.000000000001869,47.99999999999973,101.99999999999839,113.99999999999839,138.99999999999761,175.99999999999335,201.99999999999548,15.800000000000033,2891.6000000000026,SSLW,provisional_assumed_short_to_long,0
10.64,94.999999999991473,50.500000000004974,47.499999999999289,98.999999999995737,110.99999999999574,134.49999999999361,163.49999999998224,193.49999999998792,15.860000000000085,2896.4850000000069,SSLW,provisional_assumed_short_to_long,0
10.65,88.999999999986144,54.000000000013856,47,95.999999999997684,107.99999999998845,129.99999999999537,151.00000000000463,184.99999999998846,15.920000000000277,2901.3699999999881,SSLW,provisional_assumed_short_to_long,0
10.66,82.999999999980815,60.00000000002558,47,95,102.99999999998082,128.00000000001279,152.99999999999361,180.00000000002876,16.040000000000223,2896.1900000000251,SSLW,provisional_assumed_short_to_long,0
10.67,77.000000000043698,67.999999999941735,47,95,97.000000000043698,131.99999999997087,151.00000000001455,188.99999999993446,16.110000000000408,2904.0700000000647,SSLW,provisional_assumed_short_to_long,0
10.68,79.999999999980815,71.99999999997442,47.999999999993605,95,92.000000000031974,132,146.00000000003197,190.99999999998721,16.210000000000349,2919.910000000059,SSLW,provisional_assumed_short_to_long,0
10.69,80,74.999999999983487,47.000000000005507,96.999999999988987,92.999999999994486,131.00000000000551,144.00000000001103,191,16.280000000000296,2931.8000000000525,SSLW,provisional_assumed_short_to_long,0
10.70,102.99999999989785,111.99999999983569,47.999999999995559,111.99999999993338,102.99999999995559,130.00000000000443,143.00000000000443,201.99999999995114,16.330000000000414,2940.7200000000407,SSLW,provisional_assumed_short_to_long,0
10.71,108.99999999997868,124.99999999995381,48,119.99999999997158,119.9999999999396,143.99999999995026,150.99999999997158,222.99999999992539,16.390000000000128,2946.6000000000126,SSLW,provisional_assumed_short_to_long,0
10.72,119.9999999999707,137.99999999996535,48.499999999998664,123.99999999998934,124.49999999998801,146.49999999999335,151,237.49999999996137,16.449999999999839,2952.4799999999846,SSLW,provisional_assumed_short_to_long,0
10.73,130.99999999998045,150.99999999997692,48.999999999999112,127.99999999999289,128.99999999999201,148.99999999999557,151,251.99999999997425,16.549999999999823,2964.2499999999791,SSLW,provisional_assumed_short_to_long,0
10.74,133.99999999999733,164.99999999998755,49,141.99999999998755,135.99999999999378,162.99999999998755,160.99999999999113,272.99999999998136,16.599999999999959,2966.1699999999983,SSLW,provisional_assumed_short_to_long,0
10.75,147,182,50,157,143,173,164,298,16.649999999999999,2976.0900000000001,SSLW,provisional_assumed_short_to_long,0
10.76,161.00000000000844,188.00000000001199,51,176.0000000000102,151.00000000000622,179.00000000000978,181.00000000000932,318.00000000001199,16.640000000000015,2974.1600000000003,SSLW,provisional_assumed_short_to_long,0
10.77,170.50000000001688,201.50000000002399,51,187.50000000002044,158.00000000001245,190.00000000001955,191.50000000001864,331.50000000002399,16.65500000000003,2974.6450000000009,SSLW,provisional_assumed_short_to_long,0
10.78,180.00000000001597,215.00000000002132,51.000000000002665,199.00000000003465,165.00000000005062,201.00000000002132,202.00000000004795,345.00000000003462,16.669999999999973,2975.1299999999574,SSLW,provisional_assumed_short_to_long,0
10.79,185.99999999995418,222.99999999993889,51.999999999992362,211.99999999990069,183.99999999985488,208.99999999993889,219.9999999998625,357.99999999990069,16.660000000000224,2959.1699999999882,SSLW,provisional_assumed_short_to_long,0
10.80,197.999999999919,234.999999999919,52,222.99999999992576,189.9999999999595,221.99999999991223,226.99999999995276,368.99999999992576,16.720000000000599,2956.0500000001061,SSLW,provisional_assumed_short_to_long,0
10.81,209.99999999992966,241.99999999995896,52,236.99999999991792,200.99999999993551,227.99999999996481,235.99999999994725,382.99999999991792,16.850000000000719,2978.9599999999223,SSLW,provisional_assumed_short_to_long,0
10.82,217.99999999996021,250.99999999995524,52,246.99999999995026,211.99999999994529,232.99999999997513,245.99999999995026,394.99999999994031,16.98,2964.8300000000386,SSLW,provisional_assumed_short_to_long,0
10.83,229.99999999995097,250.00000000000409,52.999999999995914,263.99999999993054,214.99999999998775,234.99999999999181,256.99999999995504,403.99999999996322,16.980000000000654,2970.8999999999555,SSLW,provisional_assumed_short_to_long,0
10.84,235.99999999998082,251.99999999999361,53,271.99999999997442,216.99999999999361,236.99999999999361,260.99999999998721,407.99999999998721,17.069999999999713,2964.7800000000198,SSLW,provisional_assumed_short_to_long,0
10.85,236.9999999999977,252.9999999999977,53,279.99999999998153,218.9999999999954,237.9999999999977,264.99999999999079,411.99999999999079,17.01000000000014,2965.9449999999974,SSLW,provisional_assumed_short_to_long,0
10.86,239.99999999999574,253,52.000000000001421,282.99999999999574,222.99999999999432,238,264.00000000000142,413.99999999999716,16.950000000000085,2967.1099999999983,SSLW,provisional_assumed_short_to_long,0
10.87,240.99999999999966,249.00000000000142,50.000000000000711,282.00000000000034,217.00000000000213,237.00000000000034,264,414,17.109999999999943,2952.710000000005,SSLW,provisional_assumed_short_to_long,0
10.88,240,242.99999999999361,50,271.99999999998829,216.99999999999679,230,254.99999999999415,412.99999999999682,17.120000000000033,2936.6799999999967,SSLW,provisional_assumed_short_to_long,0
10.89,240.00000000000426,230.99999999997726,49.999999999997158,249.99999999997726,210.99999999998295,229.99999999998579,243.99999999998579,406.99999999998579,17.180000000000142,2930.5699999999915,SSLW,provisional_assumed_short_to_long,0
10.90,242.99999999999076,214.99999999996999,47.999999999995381,233.99999999997459,198.99999999997922,219.99999999997229,233.99999999998846,396.99999999995845,17.280000000000026,2924.349999999964,SSLW,provisional_assumed_short_to_long,0
10.91,238.99999999999361,201.99999999998721,45.999999999996803,222.99999999996163,189.99999999994566,207.99999999992966,228.99999999992647,378.99999999994884,17.290000000000035,2908.8099999999504,SSLW,provisional_assumed_short_to_long,0
10.92,237.00000000001455,198.00000000002913,45.000000000007283,211.0000000000874,173.0000000001238,186.00000000016024,206.00000000016752,363.00000000011653,17.300000000000043,2893.269999999914,SSLW,provisional_assumed_short_to_long,0
10.93,231.00000000003837,180.00000000011511,39.000000000038369,184.00000000017266,136.00000000023661,174.00000000007674,184.00000000014069,335.00000000017906,17.310000000000148,2872.1999999997811,SSLW,provisional_assumed_short_to_long,0
10.94,226.00000000002754,158.00000000012113,31.000000000044054,153.0000000001707,102.00000000018723,154.00000000011013,160.00000000013216,301.00000000018724,17.339999999999939,2828.1899999998122,SSLW,provisional_assumed_short_to_long,0
10.95,211.00000000006662,150.00000000003553,19.000000000053291,139.00000000006219,87.00000000006662,128.00000000011545,142.00000000007992,264.00000000016433,17.32999999999986,2796.179999999792,SSLW,provisional_assumed_short_to_long,0
10.96,201.00000000003553,139.00000000003908,3.0000000000568434,130.00000000003197,69.000000000063949,112.00000000005684,131.00000000003908,252.00000000004263,17.309999999999452,2766.1799999996169,SSLW,provisional_assumed_short_to_long,0
10.97,193.00000000002132,124.00000000003996,7.9936057773011271e-12,109.00000000005596,60.000000000023981,90.00000000005862,116.00000000003996,245.00000000001864,17.240000000000187,2717.1700000001306,SSLW,provisional_assumed_short_to_long,0
10.98,186.00000000001245,113.00000000001954,0,102.00000000001243,57.000000000005329,93.999999999992895,102.00000000002487,233.00000000002132,17.225000000000026,2699.195000000032,SSLW,provisional_assumed_short_to_long,0
10.99,180.00000000000534,107.00000000000533,0,95.000000000006224,54.000000000002665,91.000000000002672,82.000000000017764,221.00000000001066,17.210000000000015,2681.2200000000157,SSLW,provisional_assumed_short_to_long,0
11.00,172,101,0,90,52,89,58,205,16.899999999999999,2628.6999999999998,SSLW,provisional_assumed_short_to_long,0
11.01,153.99999999996891,92.000000000001776,0,67.999999999999105,47.999999999998224,86.000000000007105,45.999999999995559,188.99999999999378,16.739999999999856,2511.8599999998341,SSLW,provisional_assumed_short_to_long,0
11.02,118.99999999991473,93.999999999978684,1.7763568394018661e-12,66.999999999996447,45.999999999996447,94.000000000010658,40.999999999994671,181.99999999998934,16.579999999999892,2324.9399999998845,SSLW,provisional_assumed_short_to_long,0
11.03,70.999999999933394,81.999999999986684,1.0000000000319744,65,44,100.00000000001864,38.000000000005329,175.99999999999201,16.519999999999946,2259.9599999999814,SSLW,provisional_assumed_short_to_long,0
11.04,46.000000000190958,77.000000000038199,12.99999999990834,65,44,106.99999999994654,39.999999999984723,173.00000000002291,16.499999999999961,2252.9799999999891,SSLW,provisional_assumed_short_to_long,0
11.05,46,78.9999999999865,30.999999999878497,63.0000000000135,44,112.9999999999595,40.99999999999325,165.000000000054,16.489999999999952,2249.9999999999864,SSLW,provisional_assumed_short_to_long,0
11.06,46,78.000000000005855,31,57.000000000035172,44.999999999994138,107.00000000003517,37.000000000023448,161.00000000002345,16.48,2247.0199999999668,SSLW,provisional_assumed_short_to_long,0
11.07,46,78.999999999995026,31.999999999995026,55.000000000009948,45,102.00000000002487,37,156.00000000002487,16.48,2241.0099999999875,SSLW,provisional_assumed_short_to_long,0
11.08,46,77.000000000008171,32.999999999995914,55.999999999995914,46.999999999991829,94.000000000032685,36.000000000004086,158.99999999998775,16.48,2239.0200000000364,SSLW,provisional_assumed_short_to_long,0
11.09,46.999999999996803,81.999999999984013,32.000000000003197,56,48.999999999993605,85.000000000028777,35.000000000003197,159.99999999999682,16.48,2244.0199999999841,SSLW,provisional_assumed_short_to_long,0
11.10,47.999999999997691,83.999999999995381,32.999999999997691,56,49,66.000000000043883,35.999999999997691,156.00000000000924,16.48,2249.0299999999888,SSLW,provisional_assumed_short_to_long,0
11.11,47.000000000001421,77.000000000009948,32.000000000001421,55.000000000001421,50.999999999997158,60.000000000008527,36,143.00000000001847,16.48,2254.0299999999929,SSLW,provisional_assumed_short_to_long,0
11.12,47,80.999999999998579,31.000000000000355,55.999999999999645,49.000000000000711,62.999999999998934,35.000000000000355,127.00000000000568,16.475000000000001,2254.5349999999999,SSLW,provisional_assumed_short_to_long,0
11.13,45.999999999999467,78.00000000000054,33.000000000000533,54.999999999999467,50,74.999999999995737,32.999999999999467,113.00000000000054,16.470000000000027,2255.0400000000004,SSLW,provisional_assumed_short_to_long,0
11.14,45,79.000000000002842,34.000000000002842,54,49.999999999995737,67.000000000017053,32,113.99999999999289,16.52,2255.9600000000041,SSLW,provisional_assumed_short_to_long,0
11.15,45,80.999999999988447,36,53.999999999997691,47,79.000000000034646,32,108.99999999999307,16.52,2258.96,SSLW,provisional_assumed_short_to_long,0
11.16,45.000000000003197,76.000000000009592,36.000000000003197,52.999999999993605,46.999999999993605,94.000000000031974,32,105.99999999998082,16.520000000000032,2258.950000000003,SSLW,provisional_assumed_short_to_long,0
11.17,45.999999999992717,78.999999999978144,36.999999999992717,51.000000000014566,45.000000000014566,103.99999999992717,32,100.0000000000437,16.529999999999959,2259.9500000000244,SSLW,provisional_assumed_short_to_long,0
11.18,44.00000000001279,73.000000000038369,37.999999999993605,52.99999999998721,45,113.99999999993605,32,100,16.52,2265.96000000001,SSLW,provisional_assumed_short_to_long,0
11.19,44.999999999994493,69.000000000022027,37.000000000005507,52.000000000005507,46.999999999988987,112.00000000001101,32,99.000000000005514,16.52,2267.9650000000115,SSLW,provisional_assumed_short_to_long,0
11.20,45,70.999999999991118,37.999999999995559,51.000000000004441,48.999999999991118,111.00000000000443,32,95.000000000017764,16.52,2269.9700000000207,SSLW,provisional_assumed_short_to_long,0
11.21,45,71,38,51,50.999999999992895,110.00000000000355,32,91.000000000014211,16.52,2272.9800000000469,SSLW,provisional_assumed_short_to_long,0
11.22,43.000000000005329,66.00000000001333,37.000000000002665,51,51,97.000000000034646,32,96.999999999984013,16.52,2278.9899999999839,SSLW,provisional_assumed_short_to_long,0
11.23,43,63.000000000005329,37.999999999998224,50.000000000001776,51.999999999998224,95.000000000003553,32,109.99999999997691,16.510000000000019,2281.9999999999945,SSLW,provisional_assumed_short_to_long,0
11.24,43,63,37.000000000000888,50.999999999999112,51.000000000000888,98.999999999996447,32,111.99999999999822,16.510000000000002,2285.0099999999975,SSLW,provisional_assumed_short_to_long,0
11.25,43,60,37,51,51,101,32,100,16.5,2262,SSLW,provisional_assumed_short_to_long,0
11.26,43,56.999999999996447,37,50.999999999999112,51.000000000000888,88.999999999990223,32,109.99999999999378,16.494999999999994,2260.0099999999984,SSLW,provisional_assumed_short_to_long,0
11.27,42.999999999992895,53.000000000007105,37,50.000000000003553,52,77.999999999996447,32,103.00000000000355,16.489999999999998,2258.0200000000036,SSLW,provisional_assumed_short_to_long,0
11.28,39,56.999999999989342,37,52,51.999999999992006,75.999999999946709,31.999999999997335,104.99999999999467,16.489999999999998,2260.0200000000027,SSLW,provisional_assumed_short_to_long,0
11.29,39,53.000000000030553,37,52,49.000000000022915,56.000000000152767,31.000000000007638,103.00000000001528,16.489999999999998,2261.020000000015,SSLW,provisional_assumed_short_to_long,0
11.30,39,54.9999999999865,37,52,50.9999999999865,50.000000000040501,31,96.000000000047251,16.490000000000045,2265.0200000000232,SSLW,provisional_assumed_short_to_long,0
11.31,38.000000000005862,52.000000000017586,35.000000000011724,52.999999999994138,51,48.000000000011724,31.999999999994138,93.000000000017593,16.500000000000057,2270.0199999999832,SSLW,provisional_assumed_short_to_long,0
11.32,38,45.000000000034817,35.999999999995026,51.000000000009948,49.000000000009948,48,32,85.00000000003979,16.510000000000066,2267.0000000000191,SSLW,provisional_assumed_short_to_long,0
11.33,38,46.999999999991829,36.999999999995914,52.999999999991829,49,47.000000000004086,32,85,16.520000000000017,2269.9750000000045,SSLW,provisional_assumed_short_to_long,0
11.34,38,39.00000000002558,37,53,49,47,32,86.999999999993605,16.529999999999969,2272.9499999999903,SSLW,provisional_assumed_short_to_long,0
11.35,38,44.999999999986144,37.999999999997691,52.000000000002309,49,47,31.000000000002309,85.000000000004619,16.559999999999931,2266.910000000014,SSLW,provisional_assumed_short_to_long,0
11.36,38,44.000000000001421,38.999999999998579,51.000000000001421,48.000000000001421,47,31.999999999998579,99.999999999978684,16.550000000000015,2269.919999999996,SSLW,provisional_assumed_short_to_long,0
11.37,38,44,39.999999999999645,51,48.999999999999645,47,31.000000000000355,116.99999999999396,16.550000000000001,2278.9499999999966,SSLW,provisional_assumed_short_to_long,0
11.38,31,41.999999999999467,40.000000000000533,52,46.999999999998934,46.999999999999467,31,139.00000000001066,16.579999999999984,2297.8999999999978,SSLW,provisional_assumed_short_to_long,0
11.39,31.000000000007105,41.000000000005684,41,52.000000000002842,45.000000000004263,46.000000000001421,31,159.0000000000199,16.554999999999964,2293.9449999999943,SSLW,provisional_assumed_short_to_long,0
11.40,36.000000000002309,44.999999999997691,41,54,48.000000000004619,46.999999999997691,31,173.00000000001154,16.529999999999816,2289.9900000000116,SSLW,provisional_assumed_short_to_long,0
11.41,37,44.00000000001279,41,54.000000000009592,50.000000000006395,46.000000000003197,31,178,16.450000000000319,2295.1399999999931,SSLW,provisional_assumed_short_to_long,0
11.42,37,47.999999999970868,41,56.999999999978151,51.999999999985434,46.999999999992717,31,178,16.550000000000043,2292.9400000000369,SSLW,provisional_assumed_short_to_long,0
11.43,37.999999999993605,52.999999999968026,41,61.999999999968026,56.999999999968026,47,30.000000000006395,181.99999999997442,16.559999999999949,2301.9300000000198,SSLW,provisional_assumed_short_to_long,0
11.44,38,61.99999999995044,40.000000000005507,62.999999999994493,62.99999999996696,46.000000000005507,30.999999999994493,183.99999999998897,16.54999999999994,2305.9499999999939,SSLW,provisional_assumed_short_to_long,0
11.45,38,56.000000000026645,40.999999999995559,63,65.99999999998667,46,31,180.00000000001776,16.539999999999168,2304.9599999999491,SSLW,provisional_assumed_short_to_long,0
11.46,39.999999999992895,59.999999999985789,41,63.999999999996447,78.999999999953815,46,31,184.99999999998224,16.419999999999746,2297.6149999999843,SSLW,provisional_assumed_short_to_long,0
11.47,43.999999999989342,62.999999999992006,43.999999999992006,64,106.99999999992539,46.999999999997335,31,196.99999999996803,16.30000000000032,2290.2700000000195,SSLW,provisional_assumed_short_to_long,0
11.48,44.999999999998224,73.99999999998046,44.999999999998224,72.999999999984013,117.99999999998046,47,31,216.99999999996447,14.960000000002381,2279.6600000000185,SSLW,provisional_assumed_short_to_long,0
11.49,71.999999999976012,69.000000000004434,43.000000000001776,77.999999999995566,162.99999999996004,61.999999999986677,123.99999999991739,219.99999999999733,13.940000000000905,2466.3399999998342,SSLW,provisional_assumed_short_to_long,0
11.50,113,73,43,77,182,73,139,229,13.67,2486.46,SSLW,provisional_assumed_short_to_long,0
11.51,134.00000000003732,82.000000000003553,45.000000000003553,92.00000000001954,196.00000000001245,104.00000000002309,115.99999999999022,248.00000000002044,14.010000000000222,2481.5900000001093,SSLW,provisional_assumed_short_to_long,0
11.52,176.0000000000675,86.000000000026645,49.000000000001776,114.0000000000302,210.0000000000089,130.00000000000355,105.00000000002842,271.00000000003553,14.260000000000186,2604.710000000096,SSLW,provisional_assumed_short_to_long,0
11.53,214.00000000008259,101.00000000000533,50,131.00000000002399,215.00000000001333,132.00000000002399,121.00000000005329,291.00000000007725,14.365000000000279,2658.7100000001437,SSLW,provisional_assumed_short_to_long,0
11.54,244.99999999976322,102.99999999998472,50,139.99999999993125,219.9999999999618,140.99999999993125,140.99999999984723,319.99999999977848,14.470000000000747,2712.7100000001305,SSLW,provisional_assumed_short_to_long,0
11.55,273.99999999980423,101.0000000000135,49.00000000000675,151.999999999919,222.99999999997976,160.999999999865,163.99999999984476,347.999999999811,14.670000000000462,2747.7000000001613,SSLW,provisional_assumed_short_to_long,0
11.56,272.00000000001171,86.000000000087937,49,163.99999999992966,223.99999999999415,174.99999999991792,148.00000000009379,357.99999999994139,14.77000000000044,2782.6400000001372,SSLW,provisional_assumed_short_to_long,0
11.57,272,78.00000000003979,49,167.9999999999801,222.00000000000995,182.99999999996021,127.00000000010445,364.99999999996521,14.850000000000383,2807.6200000002682,SSLW,provisional_assumed_short_to_long,0
11.58,284.99999999994691,81.999999999983658,49,167.00000000000409,220.00000000000819,186.99999999998366,136.99999999995913,365.99999999999591,14.910000000000254,2849.5900000000729,SSLW,provisional_assumed_short_to_long,0
11.59,295.99999999996481,82,49,164.00000000000961,219.00000000000318,180.0000000000224,157.99999999993287,361.00000000001597,14.945000000000087,2859.5700000000252,SSLW,provisional_assumed_short_to_long,0
11.60,319.99999999994458,81.000000000002302,49,161.00000000000693,219,191.99999999997229,183.99999999993997,345.00000000003695,14.979999999999919,2869.549999999977,SSLW,provisional_assumed_short_to_long,0
11.61,319.00000000000142,83.999999999995737,49.999999999998579,158.00000000000426,220.99999999999716,202.99999999998437,186.99999999999574,336.00000000001279,15.029999999999928,2910.5199999999418,SSLW,provisional_assumed_short_to_long,0
11.62,300.00000000000676,81.000000000001066,50,158,221.99999999999966,201.00000000000071,192.99999999999787,329.0000000000025,15.079999999999982,2919.4899999999966,SSLW,provisional_assumed_short_to_long,0
11.63,289.99999999999625,82.999999999997868,50,160.00000000000054,217.99999999999574,197.99999999999892,188.99999999999946,331.99999999999841,15.140000000000043,2922.4299999999971,SSLW,provisional_assumed_short_to_long,0
11.64,282.99999999998437,78.999999999990052,50,161.00000000000142,209.99999999998863,195.99999999999574,187.99999999999289,329.00000000000142,15.220000000000114,2917.3599999999888,SSLW,provisional_assumed_short_to_long,0
11.65,271.99999999995845,72.000000000006935,50.000000000002309,161.99999999999537,201.99999999999537,192.99999999997922,183.00000000002311,329.99999999999307,15.300000000000082,2909.3099999999918,SSLW,provisional_assumed_short_to_long,0
11.66,253.99999999992326,74.999999999996803,51,159.99999999997124,199.99999999997442,183.99999999997442,192.99999999998403,326.99999999996481,15.335000000000111,2905.7799999999888,SSLW,provisional_assumed_short_to_long,0
11.67,230.00000000017479,74.000000000007276,51,151.00000000006554,192.00000000005826,176.00000000005826,188.00000000003641,316.00000000008009,15.370000000000367,2902.2499999999263,SSLW,provisional_assumed_short_to_long,0
11.68,205.00000000015987,67.000000000044764,50.000000000006395,150.00000000000639,180.00000000007674,171.00000000003197,189.99999999998721,287.00000000018542,15.460000000000299,2884.1699999999996,SSLW,provisional_assumed_short_to_long,0
11.69,182.00000000012665,54.000000000071587,50,148.00000000001103,181.99999999998897,171.99999999999449,200.99999999993943,259.00000000015416,15.520000000000351,2884.0999999997416,SSLW,provisional_assumed_short_to_long,0
11.70,160.00000000009771,48.000000000026645,50.999999999995559,145.00000000001333,167.00000000006662,170.00000000000887,198.00000000001333,214.00000000019983,15.580000000000554,2840.0099999998956,SSLW,provisional_assumed_short_to_long,0
11.71,136.00000000008527,56.999999999968026,51,145,152.00000000005329,167.00000000001066,198,191.00000000008171,15.660000000000547,2824.9199999999678,SSLW,provisional_assumed_short_to_long,0
11.72,121.00000000003996,52.000000000013323,51,141.00000000001066,150.00000000000534,154.00000000003465,202.99999999998667,176.00000000003996,15.729999999999814,2820.8100000000109,SSLW,provisional_assumed_short_to_long,0
11.73,103.00000000003197,49.000000000005329,50.000000000001776,136.00000000000887,134.00000000002842,145.00000000001597,198.00000000000887,164.00000000002132,15.784999999999902,2799.7600000000375,SSLW,provisional_assumed_short_to_long,0
11.74,101.00000000000178,47.000000000001776,50.999999999999112,128.00000000000711,125.00000000000799,145,198,156.00000000000711,15.83999999999995,2778.7100000000187,SSLW,provisional_assumed_short_to_long,0
11.75,89,60,49,115,113,143,181,151,15.9,2785.5900000000001,SSLW,provisional_assumed_short_to_long,0
11.76,77.000000000000895,64.000000000010658,48.999999999999112,110.0000000000009,111.99999999999645,137.00000000000355,163.99999999999912,149.00000000000711,15.960000000000081,2786.4899999999952,SSLW,provisional_assumed_short_to_long,0
11.77,77.999999999996447,75.999999999998224,48.000000000001776,111.00000000000711,107.99999999999112,140.99999999998934,163.000000000016,157.00000000003021,16.050000000000161,2781.3500000000367,SSLW,provisional_assumed_short_to_long,0
11.78,76,75.000000000018645,49,115.00000000002397,103.00000000001066,135.00000000000531,171.99999999998667,174.00000000003197,16.140000000000082,2802.2000000000012,SSLW,provisional_assumed_short_to_long,0
11.79,76,81.999999999946539,49,123.99999999993125,106.99999999996945,136.99999999998471,167.0000000000382,185.99999999990834,16.170000000000112,2802.6450000000018,SSLW,provisional_assumed_short_to_long,0
11.80,83.999999999945999,103.9999999998515,48.00000000000675,129.9999999999595,116.9999999999325,136.00000000000676,168.9999999999865,196.99999999992576,16.200000000000138,2803.0900000000556,SSLW,provisional_assumed_short_to_long,0
11.81,94.999999999935511,121.99999999989448,48.999999999994138,134.9999999999707,126.99999999994138,139.99999999997655,164.0000000000293,197.99999999999415,16.230000000000111,2815.0600000000327,SSLW,provisional_assumed_short_to_long,0
11.82,104.99999999995026,130.99999999995524,49,140.99999999997016,133.99999999996518,147.99999999996021,171.99999999996021,214.99999999991545,16.250000000000064,2821.0400000000573,SSLW,provisional_assumed_short_to_long,0
11.83,125.99999999991419,150.99999999991829,49,151.99999999995507,141.99999999996732,164.99999999993054,174.99999999998775,237.99999999990604,16.260000000000218,2830.0300000000871,SSLW,provisional_assumed_short_to_long,0
11.84,138.99999999995845,165.99999999995202,49,163.99999999996163,157.99999999994884,179.99999999995202,179.99999999998403,260.99999999992644,16.289999999999903,2841.9799999999618,SSLW,provisional_assumed_short_to_long,0
11.85,152.99999999996766,186.99999999995151,49.999999999997691,178.99999999996535,158.9999999999977,180.9999999999977,186.99999999998383,282.99999999994918,16.369999999999816,2835.9300000000139,SSLW,provisional_assumed_short_to_long,0
11.86,156.99999999999432,192.99999999999147,50,189.99999999998437,166.99999999998863,190.99999999998579,204.99999999997442,296.9999999999801,16.374999999999993,2850.3899999999794,SSLW,provisional_assumed_short_to_long,0
11.87,163.9999999999975,204.99999999999574,50,195.99999999999787,181.99999999999466,198.99999999999716,209.99999999999824,312.99999999999432,16.379999999999995,2864.8499999999949,SSLW,provisional_assumed_short_to_long,0
11.88,169.00000000000372,221.00000000000693,51,207.00000000000534,181.00000000000853,210.00000000000585,214.00000000000159,329.00000000000801,16.47000000000001,2848.7700000000214,SSLW,provisional_assumed_short_to_long,0
11.89,176.00000000000995,234.00000000001563,51,217.00000000000853,197.00000000000426,221.00000000000284,217.00000000001563,344.00000000000284,16.490000000000141,2888.6900000000142,SSLW,provisional_assumed_short_to_long,0
11.90,183.00000000001617,245.00000000002078,51.000000000004619,223.00000000002311,200.00000000001847,223.00000000001154,228.00000000000924,346.00000000003001,16.590000000000025,2898.4900000000321,SSLW,provisional_assumed_short_to_long,0
11.91,190.00000000003516,254.00000000002558,53.000000000006395,233.00000000005755,208.00000000002558,228.00000000001918,232.00000000000318,359.0000000000224,16.600000000000737,2912.4999999999764,SSLW,provisional_assumed_short_to_long,0
11.92,200.99999999991988,261.99999999994174,54.999999999985434,250.99999999986892,215.99999999994174,233.99999999995629,232.99999999999272,365.99999999994901,16.829999999999956,2905.0900000000493,SSLW,provisional_assumed_short_to_long,0
11.93,206.99999999996163,266.99999999996805,60.999999999961631,273.99999999985289,220.99999999996803,240.99999999995524,242.99999999993605,373.99999999994884,16.819999999999876,2917.1600000000822,SSLW,provisional_assumed_short_to_long,0
11.94,219.99999999992841,267.99999999999449,63.99999999998348,294.99999999988438,227.99999999996146,240.00000000000551,251.99999999995043,388.99999999991741,16.794999999999852,2933.6850000000968,SSLW,provisional_assumed_short_to_long,0
11.95,226.99999999996891,268,74.999999999951143,308.99999999993781,231.99999999998224,241.99999999999113,261.99999999995561,386.0000000000133,16.770000000001595,2950.2100000000605,SSLW,provisional_assumed_short_to_long,0
11.96,230.99999999998579,269.99999999999289,79.999999999982236,314.99999999997868,232.99999999999645,242.99999999999645,267.99999999997868,393.99999999997158,17.000000000000234,2958.9200000000155,SSLW,provisional_assumed_short_to_long,0
11.97,234.99999999998934,270.99999999999733,81.999999999994671,318.99999999998931,233.99999999999733,246.99999999998934,268.99999999999733,396.99999999999199,17.029999999999923,2960.8799999999951,SSLW,provisional_assumed_short_to_long,0
11.98,234.00000000000176,269.00000000000352,80.000000000003553,319,235.99999999999645,248.99999999999645,271.99999999999466,397,17.059999999999945,2977.8499999999699,SSLW,provisional_assumed_short_to_long,0
11.99,234.99999999999912,262.0000000000062,73.000000000006224,318.00000000000091,236.99999999999912,248.00000000000088,274.99999999999733,397,17.099999999999966,2976.7900000000009,SSLW,provisional_assumed_short_to_long,0
12.00,238,259,64,315,238,246,271,395,17.109999999999999,2977.2849999999999,SSLW,provisional_assumed_short_to_long,0
12.01,251.00000000000179,252.99999999999201,59.999999999995559,311.99999999999289,238.99999999999557,242.99999999999557,272.99999999999824,391.99999999999733,17.120000000000019,2977.7799999999966,SSLW,provisional_assumed_short_to_long,0
12.02,253.00000000001245,243.99999999997689,54.999999999989342,303.99999999998045,233.99999999999645,237.99999999999645,270.99999999998221,388.99999999998931,17.140000000000036,2973.7599999999557,SSLW,provisional_assumed_short_to_long,0
12.03,260.00000000000568,230.99999999997158,48.999999999994316,292.99999999995453,231.99999999998579,235.99999999994884,260.99999999995168,382.99999999996021,17.159999999999943,2948.6799999998661,SSLW,provisional_assumed_short_to_long,0
12.04,261.99999999998471,221.0000000000764,47.000000000015277,277.00000000012221,227.0000000000382,218.0000000001375,244.00000000012986,369.00000000010692,17.140000000000299,2901.6599999998984,SSLW,provisional_assumed_short_to_long,0
12.05,260.00000000001353,216.00000000003376,45.0000000000135,243.00000000022951,218.00000000006077,202.000000000108,224.000000000135,350.00000000012824,17.220000000000322,2874.4699999998788,SSLW,provisional_assumed_short_to_long,0
12.06,267.9999999999531,204.00000000007034,43.000000000011724,227.00000000009379,196.00000000012898,183.00000000011138,201.00000000013483,323.00000000015825,17.289999999999889,2848.269999999774,SSLW,provisional_assumed_short_to_long,0
12.07,271.9999999999801,196.00000000003979,43.999999999995026,219.00000000003979,175.00000000010445,169.00000000006963,192.00000000004476,305.00000000008953,17.269999999999872,2807.2399999997378,SSLW,provisional_assumed_short_to_long,0
12.08,273.99999999999181,183.00000000005312,39.000000000020428,206.00000000005312,155.00000000008171,148.00000000008581,182.00000000004087,289.00000000006537,17.25,2766.2099999997813,SSLW,provisional_assumed_short_to_long,0
12.09,263.00000000003519,167.00000000005116,34.000000000015987,185.00000000006713,133.00000000007034,130.00000000005755,175.0000000000224,265.00000000007674,17.25,2736.190000000096,SSLW,provisional_assumed_short_to_long,0
12.10,250.00000000003001,164.00000000000693,33.000000000002309,176.50000000001964,121.00000000002771,126.50000000000809,164.50000000002424,263.50000000000347,17.25,2705.1900000000714,SSLW,provisional_assumed_short_to_long,0
12.11,237.00000000001847,161.00000000000426,32.000000000001421,168.00000000001208,109.00000000001705,123.00000000000497,154.00000000001492,262.00000000000216,17.240000000000013,2664.180000000058,SSLW,provisional_assumed_short_to_long,0
12.12,218.00000000000676,148.0000000000046,20.000000000004263,150.00000000000639,103.00000000000213,109.00000000000497,137.00000000000603,247.00000000000534,17.010000000000083,2612.5300000000184,SSLW,provisional_assumed_short_to_long,0
12.13,203.99999999999122,127.99999999999281,23,138.99999999998909,88.999999999992809,123.00000000000293,105.99999999998667,236.99999999999173,16.80999999999996,2503.7699999999636,SSLW,provisional_assumed_short_to_long,0
12.14,187.49999999997655,114.49999999998082,23,118.49999999997087,75.499999999980815,128.50000000000782,80.999999999964473,221.49999999997797,16.734999999999893,2435.3349999999027,SSLW,provisional_assumed_short_to_long,0
12.15,170.99999999994228,100.99999999999076,23.000000000020783,97.999999999983828,61.999999999988454,134.00000000003234,55.999999999986144,205.99999999996766,16.659999999999467,2366.8999999992425,SSLW,provisional_assumed_short_to_long,0
12.16,145.99999999985931,96.999999999958433,32.000000000003197,90.999999999926459,56.999999999990408,148.00000000000639,49.99999999998721,191.99999999998082,16.429999999999776,2038.9199999998691,SSLW,provisional_assumed_short_to_long,0
12.17,102.00000000032045,84.000000000094673,32.999999999992717,68.000000000167518,54.000000000021849,149.99999999998545,46.000000000029132,186.00000000004371,16.359999999999999,1997.9500000001676,SSLW,provisional_assumed_short_to_long,0
12.18,85.000000000108713,81.000000000019185,33,66.00000000001279,53.000000000006395,149.00000000000639,44.00000000001279,175.00000000007034,16.360000000000149,2038.9800000000446,SSLW,provisional_assumed_short_to_long,0
12.19,58.000000000148681,81.999999999994486,33.999999999994493,66,53,143.00000000003303,40.000000000022027,171.00000000002203,16.389999999999766,2047.9599999998184,SSLW,provisional_assumed_short_to_long,0
12.20,47.00000000004885,80.000000000008882,34,64.000000000008882,53.999999999995559,137.00000000002666,38.000000000008882,165.00000000002666,16.349999999999966,2016.9699999999725,SSLW,provisional_assumed_short_to_long,0
12.21,46.000000000003553,79.000000000003553,34,64,53.000000000003553,127.00000000003553,37.000000000003553,157.00000000002842,16.344999999999992,2012.9849999999915,SSLW,provisional_assumed_short_to_long,0
12.22,46,80.999999999994671,34.999999999997335,64,52.000000000002665,109.00000000004796,36.000000000002665,152.00000000001333,16.340000000000014,2009.0000000000107,SSLW,provisional_assumed_short_to_long,0
12.23,46,81.999999999998224,34.000000000001776,64,52.999999999998224,97.000000000021316,36,150.00000000000355,16.330000000000016,2003.9900000000089,SSLW,provisional_assumed_short_to_long,0
12.24,46.999999999999112,79.000000000002672,34,64,54.999999999998224,89.000000000007105,35.000000000000888,146.00000000000355,16.329999999999998,2004,SSLW,provisional_assumed_short_to_long,0
12.25,47,76,34,56,55,66,36,128,16.329999999999998,2011,SSLW,provisional_assumed_short_to_long,0
12.26,46,75.000000000005329,34,55,50.999999999999112,64.999999999999105,33.999999999999112,116.99999999998757,16.330000000000002,2013.0000000000032,SSLW,provisional_assumed_short_to_long,0
12.27,45.999999999998224,80.999999999998224,33.999999999996447,54.999999999998224,50.000000000001776,63.999999999985789,32.999999999998224,102.99999999997335,16.335000000000008,2016.5050000000062,SSLW,provisional_assumed_short_to_long,0
12.28,45,79.999999999980105,32.000000000005684,54,50.999999999997158,55.999999999991473,32,88.000000000002842,16.34,2020.0100000000314,SSLW,provisional_assumed_short_to_long,0
12.29,45,73.000000000053461,33.999999999984723,54,50.000000000007638,53.000000000022915,32,88.999999999992355,16.340000000000039,2031.0200000000409,SSLW,provisional_assumed_short_to_long,0
12.30,43.0000000000135,70.00000000002025,34,52.0000000000135,48.0000000000135,51.0000000000135,32,87.0000000000135,16.350000000000048,2042.0200000000646,SSLW,provisional_assumed_short_to_long,0
12.31,45.999999999982414,73.999999999976552,36.999999999982414,52.999999999994138,48.999999999994138,51.999999999994138,32,90.999999999976552,16.359999999999999,2056.0200000000386,SSLW,provisional_assumed_short_to_long,0
12.32,43.000000000014921,73.000000000004974,37.999999999995026,53.999999999995026,47.000000000009948,52.999999999995026,32,87.000000000019895,16.359999999999999,2063.0200000000445,SSLW,provisional_assumed_short_to_long,0
12.33,43.999999999995914,65.000000000032685,37.000000000004086,52.000000000008171,47,56.999999999983658,32,85.000000000008171,16.36000000000007,2070.0200000000837,SSLW,provisional_assumed_short_to_long,0
12.34,44,63.000000000006395,34.000000000009592,52.999999999996803,47.999999999996803,62.999999999980815,31.000000000003197,85.999999999996803,16.370000000000026,2081.5250000000287,SSLW,provisional_assumed_short_to_long,0
12.35,42.000000000004619,64.999999999995381,34.999999999997691,53,48,63,31,88.999999999993065,16.379999999999974,2093.0299999999738,SSLW,provisional_assumed_short_to_long,0
12.36,42.999999999998579,63.000000000002842,32.000000000004263,53,48.999999999998579,67.999999999992895,31.999999999998579,84.000000000007105,16.379999999999999,2107.0299999999802,SSLW,provisional_assumed_short_to_long,0
12.37,43,61.000000000000711,32,53,50.999999999999289,64.000000000001421,32,86.999999999998934,16.340000000000014,2103.1000000000013,SSLW,provisional_assumed_short_to_long,0
12.38,41.000000000000803,59.000000000000533,32,53,52,67.99999999999946,32,88.000000000003467,16.319999999999993,2122.1400000000049,SSLW,provisional_assumed_short_to_long,0
12.39,42.500000000002132,60.000000000001421,32,53,52,66.999999999998579,32,94.500000000009237,16.310000000000013,2131.1600000000126,SSLW,provisional_assumed_short_to_long,0
12.40,43.999999999998849,61,32,53,52,66.00000000000577,32,100.99999999999423,16.32,2140.1600000000058,SSLW,provisional_assumed_short_to_long,0
12.41,43.500000000001243,61,32,53,52,68.499999999993776,32,98.500000000006224,16.32,2142.6650000000081,SSLW,provisional_assumed_short_to_long,0
12.42,43.000000000003638,61,32,53,52,70.999999999981796,32,96.000000000018204,16.320000000000043,2145.1700000000205,SSLW,provisional_assumed_short_to_long,0
12.43,42.000000000006395,54.000000000044764,31.000000000006395,53,52,70.000000000006395,31.000000000006395,96,16.329999999999998,2150.1700000001147,SSLW,provisional_assumed_short_to_long,0
12.44,39.00000000001652,55.999999999988987,29.000000000011013,53,52,51.000000000104627,31,95.000000000005514,16.330000000000059,2173.1800000000289,SSLW,provisional_assumed_short_to_long,0
12.45,39,58.999999999986677,29,53,51.000000000004441,49.000000000008882,30.000000000004441,95,16.34,2178.1800000000344,SSLW,provisional_assumed_short_to_long,0
12.46,38.000000000003553,48.00000000003908,28.000000000003553,52.000000000003553,51,48.000000000003553,30,90.000000000017764,16.340000000000039,2183.1900000000078,SSLW,provisional_assumed_short_to_long,0
12.47,38.999999999997335,50.999999999992006,29.999999999994671,52,48.000000000007994,48,30.999999999997335,92.999999999992013,16.345000000000017,2184.1850000000031,SSLW,provisional_assumed_short_to_long,0
12.48,38.000000000001776,51.499999999999112,30.499999999999112,52,48,48,31,93,16.349999999999994,2185.179999999998,SSLW,provisional_assumed_short_to_long,0
12.49,37.000000000000888,51.999999999999559,30.999999999999556,52,48,48,31,93,16.340000000000011,2187.179999999998,SSLW,provisional_assumed_short_to_long,0
12.50,37,48,31,52,48,48,31,93,16.350000000000001,2188.1700000000001,SSLW,provisional_assumed_short_to_long,0
12.51,37.999999999999552,47,32.000000000000888,52,48,47,31,106.00000000000533,16.36000000000001,2193.1600000000112,SSLW,provisional_assumed_short_to_long,0
12.52,37.499999999999112,47,33.000000000001776,52,48,47,31,112.00000000001066,16.370000000000054,2206.1600000000335,SSLW,provisional_assumed_short_to_long,0
12.53,37.000000000002842,47.000000000005684,34.000000000014211,51.999999999997158,48.000000000008527,47.000000000002842,31,118.00000000004263,16.399999999999942,2225.1300000000456,SSLW,provisional_assumed_short_to_long,0
12.54,37.999999999992362,48.999999999984723,38.999999999961808,51.000000000007638,50.999999999977085,47.999999999992362,31,132.99999999988543,16.380000000000038,2241.2000000000294,SSLW,provisional_assumed_short_to_long,0
12.55,38,46.00000000002025,40.9999999999865,52.9999999999865,51,48.99999999999325,31,153.99999999985823,16.390000000000043,2249.1800000000367,SSLW,provisional_assumed_short_to_long,0
12.56,40.999999999982414,51.999999999964828,41,52.000000000005862,51,48.000000000005862,30.000000000005862,192.99999999977138,16.399999999999721,2257.1600000000499,SSLW,provisional_assumed_short_to_long,0
12.57,43.999999999985079,49.000000000014921,41,53.999999999990052,51.999999999995026,48.999999999995026,30.999999999995026,202.99999999995026,16.350000000000577,2266.2699999999604,SSLW,provisional_assumed_short_to_long,0
12.58,44,58.999999999959144,41.999999999995914,54,52.999999999995914,51.999999999987743,31.999999999995914,205.99999999998775,16.440000000000001,2260.090000000022,SSLW,provisional_assumed_short_to_long,0
12.59,44.999999999996803,59,41.000000000003197,61.99999999997442,53.999999999996803,51.000000000003197,32,208.99999999999039,16.440000000000001,2263.0999999999904,SSLW,provisional_assumed_short_to_long,0
12.60,44.000000000002309,59.999999999997691,41,60.000000000004619,52.000000000004619,51,31.000000000002309,201.00000000001847,16.440000000000001,2265.0899999999956,SSLW,provisional_assumed_short_to_long,0
12.61,43.000000000001421,60,41,58.000000000002842,52,48.000000000004263,31,196.00000000000711,16.435000000000009,2264.6000000000008,SSLW,provisional_assumed_short_to_long,0
12.62,42.000000000000355,57.000000000001066,40.000000000000355,53.000000000001776,51.000000000000355,48,31,207.99999999999574,16.43,2264.1100000000001,SSLW,provisional_assumed_short_to_long,0
12.63,43.000000000000533,63.999999999994138,41,53,49.000000000000533,48,30.000000000000533,206.00000000000159,16.419999999999991,2262.1299999999987,SSLW,provisional_assumed_short_to_long,0
12.64,44,53.000000000015632,40.999999999998579,53.000000000001421,50.000000000001421,48,31.000000000001421,209.00000000000568,16.399999999999956,2259.1599999999899,SSLW,provisional_assumed_short_to_long,0
12.65,44.000000000002309,63.999999999986144,40.000000000002309,53.999999999997691,51,48,32,213.00000000000924,16.369999999998914,2252.2100000000455,SSLW,provisional_assumed_short_to_long,0
12.66,45.000000000006395,58.000000000015987,41,53,51,47.999999999996803,32.000000000003197,217.00000000000318,15.899999999996004,2271.8900000003873,SSLW,provisional_assumed_short_to_long,0
12.67,46.999999999985434,62.999999999963585,41,53,51,47.000000000007283,32.999999999992717,217.99999999999272,14.649999999996201,2393.0000000001405,SSLW,provisional_assumed_short_to_long,0
12.68,49.999999999980815,67.999999999968026,39.00000000001279,53,61.999999999929656,47,39.999999999955236,212.00000000003837,13.719999999998807,2427.4199999992443,SSLW,provisional_assumed_short_to_long,0
12.69,72.999999999873353,68.999999999994486,37.000000000011013,52.000000000005507,97.999999999801759,46.000000000005507,65.999999999856826,242.9999999998293,13.479999999998594,2275.4949999991095,SSLW,provisional_assumed_short_to_long,0
12.70,122.99999999977796,79.999999999951143,40.999999999982236,59.999999999964473,130.99999999985346,61.999999999928946,78.999999999942276,263.99999999990672,13.240000000004503,2123.570000001685,SSLW,provisional_assumed_short_to_long,0
12.71,167.99999999984013,82.999999999989342,45.999999999982236,68.999999999968026,155.99999999991118,91.999999999893419,79,277.99999999995026,13.890000000002502,2366.7400000016964,SSLW,provisional_assumed_short_to_long,0
12.72,206.99999999989609,96.999999999962697,46.999999999997335,77.999999999976012,167.99999999996803,112.99999999994404,79,296.99999999994935,14.209999999999148,2583.7999999994217,SSLW,provisional_assumed_short_to_long,0
12.73,257.99999999990939,101.99999999999112,45.000000000003553,80.999999999994671,182.99999999997334,130.99999999996803,100.99999999996092,311.99999999997334,14.509999999999467,2654.769999999874,SSLW,provisional_assumed_short_to_long,0
12.74,282.99999999997777,96.000000000005329,44.000000000000888,88.999999999992895,194.99999999998934,133.99999999999733,118.99999999998401,328.99999999998488,14.629999999999894,2727.7399999999348,SSLW,provisional_assumed_short_to_long,0
12.75,248,77,46,97,191,124,73,328,14.73,2790.7199999999998,SSLW,provisional_assumed_short_to_long,0
12.76,240.00000000001509,56.000000000006217,46,106,171.99999999999201,126.00000000000711,55.999999999992006,328.00000000000358,14.750000000000018,2831.2250000000358,SSLW,provisional_assumed_short_to_long,0
12.77,257.00000000001597,62.999999999992895,46,106.00000000000178,163.00000000000534,134.00000000003732,47.000000000010658,332.00000000001245,14.770000000000071,2871.7300000000746,SSLW,provisional_assumed_short_to_long,0
12.78,266.00000000002558,59.000000000008527,45.999999999997158,106.99999999998579,166.00000000001137,155.000000000054,53.000000000014211,339.00000000004547,14.810000000000057,2913.720000000048,SSLW,provisional_assumed_short_to_long,0
12.79,274.99999999993128,61.999999999977085,45.000000000007638,102.0000000000382,169.99999999996945,173.99999999985488,57.999999999961808,354.99999999987779,14.830000000000149,2930.7200000001153,SSLW,provisional_assumed_short_to_long,0
12.80,291.99999999988523,72.999999999925748,44.00000000000675,95.000000000047251,171.9999999999865,178.99999999996624,79.999999999851497,356.99999999998647,14.87000000000023,2961.700000000023,SSLW,provisional_assumed_short_to_long,0
12.81,295.99999999997658,71.000000000011724,44.999999999994138,93.000000000011724,170.00000000001171,179.99999999999415,115.99999999978897,357.99999999999415,14.920000000000194,2966.6799999999917,SSLW,provisional_assumed_short_to_long,0
12.82,290.00000000002984,66.000000000024869,45,91.000000000009948,168.00000000000995,178.00000000000995,111.00000000002487,344.00000000006963,14.955000000000224,2965.1549999999902,SSLW,provisional_assumed_short_to_long,0
12.83,279.00000000004496,65.000000000004093,44.000000000004086,93.99999999998775,159.00000000003678,173.00000000002044,102.00000000003678,331.00000000005309,14.99000000000051,2963.6299999999123,SSLW,provisional_assumed_short_to_long,0
12.84,268.00000000003519,67.999999999990408,43.000000000003197,96.999999999990408,151.00000000002558,166.0000000000224,95.000000000022382,320.00000000003519,15.059999999999777,2951.5800000000386,SSLW,provisional_assumed_short_to_long,0
12.85,259.0000000000208,66.000000000004619,43,103.99999999998383,145.00000000001387,140.00000000006003,82.000000000030013,321.9999999999954,15.119999999999861,2946.530000000012,SSLW,provisional_assumed_short_to_long,0
12.86,251.00000000001137,57.00000000001279,43,108.99999999999289,142.00000000000426,142.99999999999574,89.999999999988631,319.00000000000426,15.179999999999914,2934.4800000000173,SSLW,provisional_assumed_short_to_long,0
12.87,238.0000000000046,54.000000000001066,44.999999999999289,109,135.0000000000025,137.00000000000213,92.999999999998934,313.00000000000216,15.28999999999996,2927.3100000000027,SSLW,provisional_assumed_short_to_long,0
12.88,214.99999999999466,51.999999999995204,45.000000000000533,106.99999999999733,130.99999999999253,133.99999999999574,110.00000000000907,297.99999999999255,15.360000000000019,2909.2399999999975,SSLW,provisional_assumed_short_to_long,0
12.89,204.99999999998153,42.999999999998579,45.999999999998579,101.99999999999716,117.00000000000426,125.99999999999858,127.00000000003979,283.999999999973,15.395000000000049,2905.2099999999941,SSLW,provisional_assumed_short_to_long,0
12.90,191.99999999996535,41.999999999981526,45,99.999999999997684,119.99999999998383,124.99999999998153,155.0000000000023,264.99999999997226,15.430000000000161,2901.1799999999766,SSLW,provisional_assumed_short_to_long,0
12.91,176.99999999996163,33.999999999996803,44.999999999996803,99,113.00000000001279,117.00000000001599,155.99999999995845,252.99999999992008,15.50000000000016,2891.1299999999519,SSLW,provisional_assumed_short_to_long,0
12.92,165.0000000000874,33.000000000007283,44.000000000007283,99,116.99999999997087,121.99999999996359,143.00000000009467,228.00000000018207,15.550000000000082,2876.0699999998901,SSLW,provisional_assumed_short_to_long,0
12.93,152.00000000008313,33.999999999993605,44.999999999993605,97.00000000001279,111.00000000003837,113.00000000005755,144.99999999998721,212.00000000010232,15.570000000000149,2849.0800000000199,SSLW,provisional_assumed_short_to_long,0
12.94,137.00000000008259,35.999999999988987,44.000000000005507,95.000000000011013,105.00000000003304,115.99999999998349,136.00000000004957,194.00000000009913,15.600000000000147,2853.0800000000231,SSLW,provisional_assumed_short_to_long,0
12.95,120.00000000007549,36,44.999999999995559,94.000000000004434,98.000000000031093,103.00000000005772,136.99999999999557,184.00000000004439,15.625000000000174,2857.0600000000277,SSLW,provisional_assumed_short_to_long,0
12.96,107.00000000004619,36.999999999996447,45,92.000000000007105,85.000000000046185,102.00000000000355,135.00000000000711,179.00000000001776,15.650000000000235,2861.0400000000777,SSLW,provisional_assumed_short_to_long,0
12.97,93.000000000037303,36.000000000002665,45.999999999997335,91.000000000002672,79.000000000015987,104.99999999999201,136.99999999999466,169.00000000002666,15.67999999999992,2870.9899999999734,SSLW,provisional_assumed_short_to_long,0
12.98,68.000000000044409,36.999999999998224,46,90.000000000001776,78.000000000001776,105.99999999999822,136.00000000000176,164.00000000000887,15.729999999999912,2876.9499999999894,SSLW,provisional_assumed_short_to_long,0
12.99,60.000000000007105,38.999999999998224,46,89.000000000000881,81.999999999996447,102.00000000000355,139.99999999999645,153.00000000000978,15.789999999999946,2881.8999999999955,SSLW,provisional_assumed_short_to_long,0
13.00,60,47,47,89,80,104,141,161,15.82,2918.8499999999999,SSLW,provisional_assumed_short_to_long,0
13.01,60.000000000014211,60.000000000003553,46.000000000000888,90,79.000000000003553,98.000000000003553,145.00000000000088,161.00000000001421,15.870000000000026,2940.7600000000084,SSLW,provisional_assumed_short_to_long,0
13.02,76.000000000018645,64.000000000022197,47.000000000000888,90.000000000012434,83.000000000001776,102.00000000000976,146.00000000001066,177.00000000002132,15.900000000000052,2950.2000000000166,SSLW,provisional_assumed_short_to_long,0
13.03,86.499999999970157,76.499999999964473,47.499999999998579,96.999999999980105,83.999999999997158,107.49999999998437,151.99999999998295,188.99999999996589,15.930000000000199,2959.6400000000422,SSLW,provisional_assumed_short_to_long,0
13.04,96.999999999919794,88.999999999904517,47.999999999996177,103.99999999994654,84.999999999992355,112.99999999995799,157.99999999995418,200.99999999990834,16.000000000000373,2974.5400000000591,SSLW,provisional_assumed_short_to_long,0
13.05,105.99999999993925,119.99999999979075,48,114.99999999992575,91.999999999952749,106.00000000004725,170.99999999991223,211.99999999992576,16.100000000000371,2990.3500000000686,SSLW,provisional_assumed_short_to_long,0
13.06,119.99999999991793,141.99999999987102,48.999999999994138,123.99999999994725,102.99999999993551,120.99999999991206,160.00000000006449,227.99999999990621,16.18000000000055,3005.2200000000871,SSLW,provisional_assumed_short_to_long,0
13.07,133.99999999993037,160.9999999999055,49.999999999995026,132.99999999995524,114.99999999994031,128.99999999996021,165.99999999997016,255.99999999986073,16.280000000000257,3021.0500000000384,SSLW,provisional_assumed_short_to_long,0
13.08,147.99999999994282,176.49999999993668,50.499999999997954,148.99999999993463,128.99999999994282,134.9999999999755,170.99999999997956,276.49999999991627,16.320000000000064,3026.9900000000093,SSLW,provisional_assumed_short_to_long,0
13.09,161.99999999995524,191.99999999995043,50.999999999998401,164.99999999994884,142.99999999995524,140.99999999998082,175.99999999998403,296.99999999993446,16.359999999999872,3032.9299999999807,SSLW,provisional_assumed_short_to_long,0
13.10,167.99999999998613,200.99999999997922,51,179.99999999996535,144.9999999999954,145.99999999998846,189.99999999996766,314.99999999995845,16.539999999999583,3048.5299999999643,SSLW,provisional_assumed_short_to_long,0
13.11,180.99999999998153,216.99999999997726,51.999999999998579,188.99999999998721,155.99999999998437,161.99999999997726,200.99999999998437,328.9999999999801,16.749999999999702,3063.0799999999795,SSLW,provisional_assumed_short_to_long,0
13.12,191.99999999999608,225.99999999999682,51.000000000000355,198.99999999999645,162.9999999999975,177.99999999999432,207.9999999999975,343.99999999999466,16.769999999999992,3054.1300000000033,SSLW,provisional_assumed_short_to_long,0
13.13,201.00000000000693,243.00000000000372,52.000000000000533,212.00000000000747,166.00000000000321,186.00000000000693,220.00000000000213,350.00000000000642,16.830000000000009,3066.0100000000061,SSLW,provisional_assumed_short_to_long,0
13.14,214.00000000002132,250.00000000002274,53.000000000007105,226.00000000004832,172.00000000002984,199.00000000003837,224.00000000002842,362.00000000003268,16.85000000000008,3076.9800000000118,SSLW,provisional_assumed_short_to_long,0
13.15,229.00000000001384,266.0000000000046,58.000000000002309,260.00000000000921,193.0000000000023,225.99999999999883,244.0000000000104,385.00000000001387,16.905000000000129,3085.4450000000193,SSLW,provisional_assumed_short_to_long,0
13.16,234.99999999998508,267.999999999995,58.999999999997513,263.99999999999005,193.9999999999975,225.50000000000125,248.4999999999888,390.99999999998511,16.960000000000225,3093.9100000000221,SSLW,provisional_assumed_short_to_long,0
13.17,240.99999999995629,269.99999999998545,59.999999999992717,267.9999999999709,194.99999999999272,225.00000000000364,252.99999999996723,396.99999999995629,17.029999999999959,3100.8099999999104,SSLW,provisional_assumed_short_to_long,0
13.18,242.99999999998721,271.99999999998721,59.000000000006395,271.99999999997442,196.99999999998721,227.99999999998082,258.99999999996163,401.99999999996805,17.019999999999005,3078.9199999999528,SSLW,provisional_assumed_short_to_long,0
13.19,244.99999999998897,272,59,275.99999999997794,197,228.99999999999449,257.00000000001103,402.99999999999449,16.820000000001937,3069.4499999999252,SSLW,provisional_assumed_short_to_long,0
13.20,245.99999999999557,268.00000000001774,55.000000000017764,277.99999999999113,198.99999999999113,227.00000000000887,257.99999999999557,403.99999999999557,17.150000000000034,3056.6899999998891,SSLW,provisional_assumed_short_to_long,0
13.21,246,266.00000000000711,53.000000000007105,274.00000000001421,197.00000000000711,224.00000000001066,253.00000000001776,404,17.155000000000008,3040.6799999999657,SSLW,provisional_assumed_short_to_long,0
13.22,247.99999999999466,256.00000000002666,52.000000000002665,266.00000000002132,190.00000000001864,218.00000000001597,245.00000000002132,397.00000000001864,17.159999999999986,3024.6700000000428,SSLW,provisional_assumed_short_to_long,0
13.23,246.00000000000355,248.00000000001421,50.000000000003553,245.00000000003729,190,206.00000000002132,241.00000000000711,393.00000000000711,17.179999999999964,2936.6300000001565,SSLW,provisional_assumed_short_to_long,0
13.24,242.00000000000355,239.00000000000799,49.000000000000888,231.00000000001245,180.00000000000887,196.00000000000887,241.99999999999912,384.00000000000801,17.199999999999982,2891.54000000004,SSLW,provisional_assumed_short_to_long,0
13.25,240,229,48,220,169,184,233,375,17.239999999999998,2855.4400000000001,SSLW,provisional_assumed_short_to_long,0
13.26,242.99999999999821,209.99999999998312,43.999999999999112,206.99999999998045,160.99999999998579,160.99999999998934,207.99999999998667,353.99999999997425,17.250000000000036,2807.359999999961,SSLW,provisional_assumed_short_to_long,0
13.27,240.99999999999289,190.99999999997158,42.999999999982236,184.99999999995202,144.99999999993071,148.99999999999645,192.99999999995558,324.99999999995026,17.29000000000001,2763.22999999997,SSLW,provisional_assumed_short_to_long,0
13.28,236.99999999996874,174.99999999992326,32.999999999994316,157.99999999993747,105.99999999994316,146.99999999993179,167.99999999994884,296.99999999988631,17.295000000000016,2746.2149999999515,SSLW,provisional_assumed_short_to_long,0
13.29,226.00000000008401,148.00000000020623,31.000000000015277,136.00000000016803,86.000000000152767,123.00000000018332,150.0000000001375,257.00000000030553,17.299999999999628,2729.1999999997984,SSLW,provisional_assumed_short_to_long,0
13.30,215.00000000007424,134.0000000000945,20.000000000074252,121.00000000010125,58.000000000189004,103.000000000135,140.0000000000675,238.00000000012824,17.199999999999953,2675.2199999999211,SSLW,provisional_assumed_short_to_long,0
13.31,201.00000000008208,120.00000000008207,1.1723955140041653e-10,102.00000000011138,56.000000000011724,90.000000000076199,130.00000000005861,228.00000000005861,17.190000000000058,2658.2299999998072,SSLW,provisional_assumed_short_to_long,0
13.32,192.00000000004476,113.00000000003482,0,95.000000000034817,49.000000000034817,71.000000000094502,116.00000000006963,219.00000000004476,17.199999999997889,2623.199999999767,SSLW,provisional_assumed_short_to_long,0
13.33,185.00000000002859,108.00000000002044,0,91.000000000016342,48.000000000004086,71.999999999995907,101.00000000006128,208.00000000004493,16.869999999999056,2586.7599999994186,SSLW,provisional_assumed_short_to_long,0
13.34,169.00000000005116,101.00000000002238,0,87.00000000001279,47.000000000003197,85.999999999955236,79.000000000070344,204.00000000001279,16.740000000000414,2506.8700000002555,SSLW,provisional_assumed_short_to_long,0
13.35,155.00000000003234,90.000000000025409,0,67.000000000046185,47,98.999999999969987,58.000000000048495,184.00000000004619,16.680000000000138,2450.9200000001292,SSLW,provisional_assumed_short_to_long,0
13.36,134.00000000002984,88.000000000002842,0,66.000000000001421,47,107.99999999998721,47.000000000015632,168.00000000002274,16.620000000000086,2394.9700000000794,SSLW,provisional_assumed_short_to_long,0
13.37,82.000000000018474,82.000000000002132,0,64.000000000000711,44.000000000001066,110.99999999999893,42.000000000001776,161.0000000000025,16.500000000000043,2264.0100000000466,SSLW,provisional_assumed_short_to_long,0
13.38,46.999999999999467,78.999999999998934,17.000000000006928,63.999999999995204,44,119,41.999999999998401,163.99999999999946,16.390000000000001,2163.0500000000002,SSLW,provisional_assumed_short_to_long,0
13.39,46,77.000000000008527,30.000000000001421,54.999999999998579,44,119.00000000000142,39,163.00000000000284,16.390000000000015,2163.0500000000056,SSLW,provisional_assumed_short_to_long,0
13.40,46,82.999999999983828,31.000000000002309,54,44,120,38.999999999993072,164.99999999998846,16.399999999999999,2167.0399999999954,SSLW,provisional_assumed_short_to_long,0
13.41,45.999999999996803,76.00000000001279,32,54,44.000000000003197,119.99999999993285,36,159.99999999995524,16.400000000000016,2165.0199999999791,SSLW,provisional_assumed_short_to_long,0
13.42,45.000000000007283,79.999999999970868,32,54,44.999999999992717,99.000000000152937,36,146.00000000010198,16.405000000000019,2158.5149999999735,SSLW,provisional_assumed_short_to_long,0
13.43,45,78.00000000001279,32.999999999993605,53.000000000006395,46.99999999998721,103.99999999996803,35.000000000006395,146,16.409999999999851,2152.0099999999106,SSLW,provisional_assumed_short_to_long,0
13.44,45,82.999999999972459,33,54.999999999988987,46.000000000005507,95.000000000049567,35.999999999994493,140.00000000003303,16.379999999999821,2134.0199999997362,SSLW,provisional_assumed_short_to_long,0
13.45,45,88.999999999973355,33,55,46.999999999995559,94.000000000004434,34.000000000008882,139.00000000000443,16.349999999999586,2089.0199999994875,SSLW,provisional_assumed_short_to_long,0
13.46,45.999999999996447,83.000000000021316,33.999999999996447,55,47.999999999996447,100.99999999997513,34,129.00000000003553,16.289999999999608,2015.0199999996171,SSLW,provisional_assumed_short_to_long,0
13.47,45.000000000002665,82.000000000002672,34.999999999997335,54.000000000002665,47.000000000002665,90.000000000029303,34.999999999997335,105.00000000006395,16.24000000000013,1966.0300000001305,SSLW,provisional_assumed_short_to_long,0
13.48,45,82,36.999999999996447,54,47.999999999998224,87.000000000005329,32.000000000005329,94.00000000001954,16.220000000000034,1940.0300000000461,SSLW,provisional_assumed_short_to_long,0
13.49,45,79.000000000002672,36.000000000000888,54,46.000000000001776,91.999999999995566,32,93.000000000000881,16.219999999999999,1940.03,SSLW,provisional_assumed_short_to_long,0
13.50,45,74,37,53,47,93,32,95,16.219999999999999,1940.03,SSLW,provisional_assumed_short_to_long,0
13.51,45.999999999999112,71.000000000002672,37,53,46.999999999999112,93.999999999998224,32,91.999999999995552,16.210000000000001,1936.0399999999991,SSLW,provisional_assumed_short_to_long,0
13.52,44.999999999998224,73.999999999994671,37,52.999999999998224,46.000000000001776,91.999999999966249,31.999999999996447,86.999999999998224,16.210000000000001,1935.03,SSLW,provisional_assumed_short_to_long,0
13.53,43.999999999997158,70.999999999963052,37,52,47.000000000002842,72.999999999988631,30.000000000005684,85.999999999988631,16.210000000000001,1935.0400000000029,SSLW,provisional_assumed_short_to_long,0
13.54,43.000000000007638,58.000000000099298,37,52,47.999999999992362,69.000000000030553,31.999999999984723,82.000000000030553,16.21000000000004,1936.0400000000598,SSLW,provisional_assumed_short_to_long,0
13.55,43,64.999999999952749,37.99999999999325,52,48,73.999999999966249,32,83.9999999999865,16.220000000000091,1952.0400000001084,SSLW,provisional_assumed_short_to_long,0
13.56,42.000000000005862,59.000000000035172,37.000000000005862,52,48.999999999994138,73.000000000005855,32,84,16.240000000000109,1975.5400000001293,SSLW,provisional_assumed_short_to_long,0
13.57,42,60.999999999990052,37,52,49,91.999999999905498,32,79.000000000024869,16.260000000000513,1999.0400000006202,SSLW,provisional_assumed_short_to_long,0
13.58,42.999999999995914,52.000000000036771,37,51.000000000004086,49.999999999995914,94.99999999998775,31.000000000004086,78.000000000004093,16.340000000000291,2096.0400000002842,SSLW,provisional_assumed_short_to_long,0
13.59,42.000000000003197,58.999999999977618,37.999999999996803,51.999999999996803,50,92.000000000009592,31.999999999996803,93.999999999948841,16.379999999999871,2135.0399999998754,SSLW,provisional_assumed_short_to_long,0
13.60,42,56.000000000006928,37.000000000002309,50.000000000004619,50.999999999997691,86.000000000013856,31.000000000002309,100.99999999998383,16.379999999999999,2157.039999999949,SSLW,provisional_assumed_short_to_long,0
13.61,42,58.999999999995737,37,51.999999999997158,49.000000000002842,71.000000000021316,31,108.99999999998863,16.389999999999986,2167.0399999999859,SSLW,provisional_assumed_short_to_long,0
13.62,41.000000000000355,60.999999999999289,37,52,49,72.999999999999289,31.999999999999645,99.000000000003553,16.399999999999995,2174.0399999999977,SSLW,provisional_assumed_short_to_long,0
13.63,38.000000000001599,52.000000000002132,37,51.000000000000533,50,68.999999999997868,32,96.00000000000054,16.405000000000001,2175.0300000000007,SSLW,provisional_assumed_short_to_long,0
13.64,40.999999999997158,55.999999999991473,36.999999999998579,52.000000000001421,49.999999999998579,64.999999999980105,32,96.999999999990052,16.410000000000057,2176.0199999999986,SSLW,provisional_assumed_short_to_long,0
13.65,39,49.999999999997691,36.000000000002309,53,49,50.999999999993072,32,90,16.450000000000024,2174.9500000000276,SSLW,provisional_assumed_short_to_long,0
13.66,39,49.000000000003197,36.999999999996803,52.999999999996803,49.000000000003197,47.999999999996803,31.999999999996803,90.000000000003197,16.460000000000001,2186.9500000000062,SSLW,provisional_assumed_short_to_long,0
13.67,39,49.999999999992717,36.000000000007283,52.000000000007283,49.999999999992717,47.000000000007283,31.000000000007283,90.999999999992724,16.460000000000043,2188.9499999999998,SSLW,provisional_assumed_short_to_long,0
13.68,38.000000000006395,44.000000000038369,36,52,50,47.999999999993605,31.999999999993605,83.000000000051159,16.469999999999999,2188.9500000000148,SSLW,provisional_assumed_short_to_long,0
13.69,37.000000000005507,44.999999999994493,36.999999999994493,52,50,47.000000000005507,31.000000000005507,87.999999999972459,16.470000000000027,2191.9400000000001,SSLW,provisional_assumed_short_to_long,0
13.70,37,42.000000000013323,37.999999999995559,51.000000000004441,50.999999999995559,47,31,95.999999999964473,16.475000000000033,2191.9400000000001,SSLW,provisional_assumed_short_to_long,0
13.71,37.999999999996447,46.999999999982236,37.000000000003553,51,51,47.999999999996447,31,86.000000000035527,16.480000000000157,2191.9400000001092,SSLW,provisional_assumed_short_to_long,0
13.72,38,47,36.000000000002665,51,50.000000000002665,48,31,96.999999999970697,16.499999999999947,2205.9199999999628,SSLW,provisional_assumed_short_to_long,0
13.73,37.000000000001776,47.999999999998224,36,51,51.999999999996447,48,31,116.99999999996447,16.490000000000016,2215.9299999999821,SSLW,provisional_assumed_short_to_long,0
13.74,37,43.000000000004441,38.999999999997335,51.999999999999112,52,48,31,147.99999999997246,16.529999999999966,2241.8999999999769,SSLW,provisional_assumed_short_to_long,0
13.75,32,49,40,52,52,48,31,169,16.52,2249.9299999999998,SSLW,provisional_assumed_short_to_long,0
13.76,40,50.000000000004441,41.000000000000888,54.000000000000888,54.000000000007994,48.000000000000888,31,188.00000000000443,16.530000000000022,2261.9300000000053,SSLW,provisional_assumed_short_to_long,0
13.77,40.000000000001776,55.000000000015987,42.000000000001776,55.000000000005329,63.000000000024869,48.999999999998224,31,192.9999999999911,16.555000000000042,2267.8900000000103,SSLW,provisional_assumed_short_to_long,0
13.78,41,64,43,57.999999999982947,76.999999999957367,47.999999999997158,31,187.99999999999716,16.580000000000027,2273.8499999999999,SSLW,provisional_assumed_short_to_long,0
13.79,41,64,43,52.00000000004583,62.000000000114575,47.000000000007638,31,187.00000000000765,16.589999999999961,2273.8299999999849,SSLW,provisional_assumed_short_to_long,0
13.80,41,62.0000000000135,42.00000000000675,52,61.00000000000675,47,31,186.00000000000676,16.579999999999952,2269.8400000000001,SSLW,provisional_assumed_short_to_long,0
13.81,43.999999999982414,63.999999999988276,42,52,65.999999999970697,47,31,191.99999999996481,16.569999999998679,2269.8599999999742,SSLW,provisional_assumed_short_to_long,0
13.82,46.999999999985079,72.999999999955236,42.999999999995026,53.999999999990052,70.999999999975131,47,31,201.99999999995026,16.3299999999976,2265.1899999999232,SSLW,provisional_assumed_short_to_long,0
13.83,48.999999999991829,70.00000000001225,43,56.999999999987743,68.00000000001225,47,31,211.99999999995913,15.9549999999994,2253.2049999999808,SSLW,provisional_assumed_short_to_long,0
13.84,51.999999999990408,69.000000000003197,43.999999999996803,60.99999999998721,88.999999999932854,47.999999999996803,32.999999999993605,214.99999999999039,15.580000000001199,2241.220000000038,SSLW,provisional_assumed_short_to_long,0
13.85,75.999999999944578,68.000000000002302,44.999999999997691,60.000000000002309,110.9999999999492,48,68.999999999916866,215,14.700000000002031,2346.7999999997564,SSLW,provisional_assumed_short_to_long,0
13.86,108.9999999999531,72.999999999992895,41.000000000005684,60.999999999998579,142.99999999995453,49.999999999997158,126.99999999991758,234.99999999997158,14.160000000000768,2261.0300000001221,SSLW,provisional_assumed_short_to_long,0
13.87,145.99999999998687,84.999999999995737,43.999999999998934,71.999999999996092,156.99999999999503,77.999999999990052,117.00000000000355,242.99999999999716,14.239999999999972,2277.1799999999939,SSLW,provisional_assumed_short_to_long,0
13.88,176.00000000001492,85.000000000001606,47,88.000000000004263,176.00000000000585,104.00000000000426,83.000000000008001,260.00000000000904,14.370000000000063,2369.3000000000397,SSLW,provisional_assumed_short_to_long,0
13.89,204.00000000004405,88.000000000007105,47.000000000002842,96.000000000009948,187.00000000000142,112.00000000000568,98.000000000028422,277.000000000027,14.490000000000128,2443.3500000000231,SSLW,provisional_assumed_short_to_long,0
13.90,235.00000000004388,92.99999999997921,49,103.00000000000924,188,115.99999999999768,117.99999999999768,296.0000000000208,14.580000000000208,2459.825000000038,SSLW,provisional_assumed_short_to_long,0
13.91,253.99999999998721,83.999999999929656,48.999999999996803,107.00000000003837,187.99999999998721,115,116.99999999991367,305.00000000001597,14.670000000000256,2476.3000000003167,SSLW,provisional_assumed_short_to_long,0
13.92,250.00000000002913,62.000000000160227,48.000000000007283,118.9999999999126,184.00000000002913,115,90.00000000019665,309.99999999996356,14.750000000000368,2575.3000000003681,SSLW,provisional_assumed_short_to_long,0
13.93,256.99999999995521,57.000000000031974,48.999999999993605,126.99999999994884,183.00000000000639,124.99999999993605,90.999999999993605,311.99999999998721,14.84,2665.3000000001448,SSLW,provisional_assumed_short_to_long,0
13.94,275.99999999989535,61.999999999972466,49.999999999994493,130.99999999997797,186.99999999997797,135.99999999993943,106.99999999991189,319.99999999995595,14.840000000000058,2694.3500000003987,SSLW,provisional_assumed_short_to_long,0
13.95,286.99999999995117,65.999999999982236,49.000000000004441,135.9999999999778,191.9999999999778,154.99999999991562,132.99999999988455,318.00000000000887,14.850000000000033,2762.360000000132,SSLW,provisional_assumed_short_to_long,0
13.96,290.99999999998579,66.999999999996447,49,139.99999999998579,195.99999999998579,167.99999999995381,159.99999999990408,317.00000000000352,14.855000000000011,2781.3750000000405,SSLW,provisional_assumed_short_to_long,0
13.97,296.99999999998403,78.999999999968026,48.000000000002665,140.99999999999733,200.99999999998667,177.99999999997334,175.99999999995737,315.00000000000534,14.859999999999985,2800.3899999999494,SSLW,provisional_assumed_short_to_long,0
13.98,287.00000000001774,79,48,142.99999999999645,198.00000000000534,173.00000000000887,179.99999999999289,317.99999999999466,14.879999999999965,2811.3799999999806,SSLW,provisional_assumed_short_to_long,0
13.99,277.00000000000887,78.000000000000881,47.000000000000888,146.99999999999645,192.00000000000534,177.99999999999557,180.99999999999912,317.00000000000091,14.929999999999955,2825.3499999999876,SSLW,provisional_assumed_short_to_long,0
14.00,274,79,47,154,178,173,170,317,15,2834.3099999999999,SSLW,provisional_assumed_short_to_long,0
14.01,265.99999999998755,74,48,157.00000000000088,177.9999999999911,169.99999999999821,167.99999999998846,317.00000000000176,15.080000000000062,2835.2600000000039,SSLW,provisional_assumed_short_to_long,0
14.02,251.99999999996803,73.999999999991118,48.000000000001776,157.99999999999821,168.00000000000355,167.99999999996624,155.000000000016,318.99999999999289,15.15000000000008,2839.1999999999971,SSLW,provisional_assumed_short_to_long,0
14.03,233.99999999993463,69.000000000005684,49,156.99999999999716,169.99999999998295,149.00000000001705,163.99999999999147,314.99999999997442,15.195000000000128,2837.6649999999954,SSLW,provisional_assumed_short_to_long,0
14.04,211.00000000017567,70.999999999984723,49,156.00000000000765,164.00000000004582,154.99999999995418,161.00000000002291,306.00000000006872,15.240000000000299,2836.1299999999701,SSLW,provisional_assumed_short_to_long,0
14.05,188.00000000015524,63.000000000054001,49,149.00000000004724,162.0000000000135,144.00000000007424,173.99999999991223,282.000000000162,15.32000000000037,2828.069999999977,SSLW,provisional_assumed_short_to_long,0
14.06,173.00000000008794,54.000000000052758,49.999999999994138,143.00000000003519,158.00000000002345,145.99999999998829,166.0000000000469,261.00000000012312,15.400000000000386,2822.9999999999832,SSLW,provisional_assumed_short_to_long,0
14.07,152.00000000010445,46.00000000003979,50,141.00000000000995,151.00000000003482,142.0000000000199,177.99999999994031,240.00000000010445,15.470000000000576,2819.9499999999675,SSLW,provisional_assumed_short_to_long,0
14.08,137.00000000006128,48.999999999987743,49.000000000004086,135.0000000000245,141.00000000004087,140.00000000000819,170.00000000003268,218.00000000008987,15.560000000000219,2814.8800000000147,SSLW,provisional_assumed_short_to_long,0
14.09,112.00000000007994,47.000000000006395,49,131.00000000001279,124.00000000005436,133.0000000000224,161.00000000002876,193.00000000007992,15.590000000000074,2816.8500000000049,SSLW,provisional_assumed_short_to_long,0
14.10,91.000000000048487,39.000000000018474,48.000000000002309,120.00000000002541,112.00000000002771,133.9999999999977,155.00000000001387,177.00000000003695,15.61999999999993,2818.8199999999956,SSLW,provisional_assumed_short_to_long,0
14.11,68.000000000032685,42.999999999994316,48.999999999998579,108.00000000001705,111.00000000000142,118.00000000002274,152.00000000000426,170.00000000000995,15.699999999999886,2796.7400000000312,SSLW,provisional_assumed_short_to_long,0
14.12,62.000000000002132,45.999999999998934,49,103.00000000000178,103.00000000000284,120.99999999999893,142.00000000000355,170.99999999999966,15.749999999999982,2808.669999999996,SSLW,provisional_assumed_short_to_long,0
14.13,60.00000000000373,59.000000000004263,48.999999999999467,101,102.99999999999946,119.0000000000032,142.99999999999574,174.00000000000267,15.780000000000037,2800.6200000000003,SSLW,provisional_assumed_short_to_long,0
14.14,67.000000000011369,67.000000000005684,48,101,101.99999999999005,125.00000000000142,134.99999999999432,179.00000000000853,15.850000000000099,2801.54000000001,SSLW,provisional_assumed_short_to_long,0
14.15,75.000000000009237,71.000000000018474,48,101.00000000000924,95.000000000002316,125.99999999999538,130.99999999998383,185.00000000000924,15.920000000000208,2808.4399999999746,SSLW,provisional_assumed_short_to_long,0
14.16,79.000000000019185,79.000000000022382,48.000000000003197,105.00000000002558,96.000000000019185,124.00000000000959,124.00000000001599,189.00000000001279,16.010000000000161,2797.3500000000349,SSLW,provisional_assumed_short_to_long,0
14.17,84.999999999956302,85.999999999949011,48.999999999992717,112.99999999994174,101.9999999999563,126.99999999997814,128.99999999996359,192.99999999997087,16.060000000000205,2808.2550000000442,SSLW,provisional_assumed_short_to_long,0
14.18,90.999999999961631,111.99999999983373,48.000000000006395,117.99999999996803,109.99999999994884,132.99999999996163,136.99999999994884,201.99999999994245,16.110000000000248,2819.1600000000544,SSLW,provisional_assumed_short_to_long,0
14.19,101.99999999993943,131.99999999988987,48.999999999994493,124.99999999996146,119.99999999994493,133.99999999999449,137.99999999999449,217.99999999991189,16.160000000000469,2830.1000000000577,SSLW,provisional_assumed_short_to_long,0
14.20,119.99999999992006,146.99999999993338,48.000000000004441,131.99999999996891,129.99999999995561,151.99999999992008,140.99999999998667,237.99999999991118,16.240000000000624,2839.9900000000612,SSLW,provisional_assumed_short_to_long,0
14.21,133.99999999995026,160.99999999995026,48.999999999996447,143.99999999995737,137.99999999997158,163.99999999995737,153.99999999995381,252.99999999994671,16.330000000000467,2848.8500000000849,SSLW,provisional_assumed_short_to_long,0
14.22,141.99999999997868,171.9999999999707,49.999999999997335,153.99999999997334,140.99999999999201,165.99999999999466,161.99999999997868,270.99999999995202,16.389999999999841,2859.7499999999709,SSLW,provisional_assumed_short_to_long,0
14.23,152.99999999998045,184.99999999997692,49.000000000001776,166.99999999997692,155.99999999997334,175.99999999998224,162,283.99999999997692,16.419999999999945,2864.7049999999913,SSLW,provisional_assumed_short_to_long,0
14.24,159.99999999999378,199.99999999998667,49.999999999999112,179.99999999998846,166.99999999999022,183.99999999999289,172.99999999999022,291.99999999999289,16.449999999999974,2869.6599999999953,SSLW,provisional_assumed_short_to_long,0
14.25,164,207,51,189,172,191,174,302,16.559999999999999,2880.4699999999998,SSLW,provisional_assumed_short_to_long,0
14.26,170.00000000000534,216.00000000001066,50.000000000000888,198.00000000001154,182.0000000000089,200.00000000000443,186.00000000000978,319.00000000001512,16.659999999999929,2875.3900000000258,SSLW,provisional_assumed_short_to_long,0
14.27,176.000000000016,228.00000000002487,51,211.00000000001421,192.000000000016,205.00000000001776,197.00000000002666,336.00000000000534,16.580000000000371,2904.51999999998,SSLW,provisional_assumed_short_to_long,0
14.28,185.00000000002842,242.00000000002558,51,219.00000000003126,201.00000000001705,215.00000000002558,212.00000000003695,339.00000000004263,16.790000000000397,2893.180000000164,SSLW,provisional_assumed_short_to_long,0
14.29,194.9999999999236,250.99999999993125,51,229.99999999991599,206.99999999995418,223.99999999993125,224.99999999990069,353.9999999998854,16.930000000000039,2950.9400000000242,SSLW,provisional_assumed_short_to_long,0
14.30,204.9999999999325,257.99999999995276,52.9999999999865,240.99999999992576,215.99999999993923,229.9999999999595,232.999999999946,359.99999999995953,16.940000000000047,2957.4300000000298,SSLW,provisional_assumed_short_to_long,0
14.31,213.99999999994725,264.99999999995896,55.999999999982414,251.99999999993551,218.99999999998241,234.9999999999707,235.99999999998241,364.99999999997067,16.949999999999392,2963.9200000000515,SSLW,provisional_assumed_short_to_long,0
14.32,218.99999999997513,268.9999999999801,59.999999999980105,267.99999999992042,222.9999999999801,236.99999999999005,245.99999999995026,368.9999999999801,16.840000000001023,2973.2299999999282,SSLW,provisional_assumed_short_to_long,0
14.33,224.9999999999755,270.99999999999181,62.999999999987743,275.99999999996732,226.99999999998366,237.99999999999591,251.9999999999755,383.99999999993872,17.000000000000291,2961.9700000002026,SSLW,provisional_assumed_short_to_long,0
14.34,227.99999999999039,272.99999999999363,63,282.9999999999776,229.99999999999039,243.99999999998082,256.99999999998403,384,17.039999999999871,2989.839999999911,SSLW,provisional_assumed_short_to_long,0
14.35,228.9999999999977,273.99999999999767,63,283.99999999999767,230,247.99999999999076,260.99999999999079,387.99999999999079,16.940000000000232,2966.1800000000544,SSLW,provisional_assumed_short_to_long,0
14.36,229.99999999999858,272.00000000000284,63,283.00000000000142,230.99999999999858,245.00000000000426,258.00000000000426,390.99999999999574,17.1499999999997,2966.7299999999991,SSLW,provisional_assumed_short_to_long,0
14.37,229.00000000000034,269.00000000000108,60.000000000001066,278.00000000000176,232.99999999999929,245,251.0000000000025,391.99999999999966,17.149999999999999,2963.235000000001,SSLW,provisional_assumed_short_to_long,0
14.38,233.00000000000054,264.99999999999523,53.999999999998401,272.99999999999733,225.99999999999841,241.99999999999787,245.99999999999679,391.99999999999892,17.150000000000009,2959.7399999999907,SSLW,provisional_assumed_short_to_long,0
14.39,234.00000000000284,255.99999999998437,50.999999999998579,267.99999999996447,222.99999999999005,237.99999999998437,239.99999999999147,389.99999999998579,17.170000000000016,2942.7099999999659,SSLW,provisional_assumed_short_to_long,0
14.40,236.00000000000924,244.99999999996305,49.999999999995381,242.99999999997459,215.99999999996999,226.99999999997229,233.99999999997922,379.99999999996766,17.179999999999929,2918.6399999999167,SSLW,provisional_assumed_short_to_long,0
14.41,240,228.99999999994566,47.999999999993605,231.99999999994245,202.99999999994884,214.99999999995845,224.99999999992966,365.99999999992008,17.150000000000095,2882.6499999998687,SSLW,provisional_assumed_short_to_long,0
14.42,240,212.0000000001238,46.000000000014566,214.00000000013108,187.00000000011653,202.00000000009467,203.00000000016024,341.00000000018207,17.180000000000287,2841.5299999997746,SSLW,provisional_assumed_short_to_long,0
14.43,241.99999999998721,190.00000000014069,45.000000000006395,189.00000000015987,156.00000000019824,178.00000000015348,187.00000000010232,315.00000000016627,17.24999999999995,2786.3599999998828,SSLW,provisional_assumed_short_to_long,0
14.44,242,174.00000000008811,40.000000000027534,168.00000000011565,136.00000000011013,155.00000000012665,171.00000000008811,282.00000000018173,17.239999999999942,2762.7999999998619,SSLW,provisional_assumed_short_to_long,0
14.45,231.00000000004886,162.00000000005329,35.000000000022204,149.00000000008438,105.00000000013767,130.00000000011102,159.00000000005329,247.00000000015544,17.230000000000139,2739.2399999998402,SSLW,provisional_assumed_short_to_long,0
14.46,216.00000000005329,160.00000000000711,30.000000000017764,141.00000000002842,92.000000000046185,111.0000000000675,156.00000000001066,233.00000000004974,17.249999999999922,2716.1999999996165,SSLW,provisional_assumed_short_to_long,0
14.47,209.00000000001864,141.00000000005062,18.000000000031974,128.00000000003465,81.000000000029303,99.000000000031974,149.00000000001864,226.00000000001864,17.240000000000023,2667.1800000001303,SSLW,provisional_assumed_short_to_long,0
14.48,196.00000000002308,128.00000000002308,20.999999999994671,106.00000000003908,74.000000000012434,98.000000000001776,139.00000000001776,225.00000000000176,17.070000000000302,2620.4800000000828,SSLW,provisional_assumed_short_to_long,0
14.49,187.00000000000799,105.00000000002044,5.0000000000142109,99.000000000006224,65.000000000007987,110.99999999998846,112.00000000002399,208.00000000001509,16.89000000000016,2554.6900000000587,SSLW,provisional_assumed_short_to_long,0
14.50,171,92,0,91,55,111,91,195,16.75,2431.8000000000002,SSLW,provisional_assumed_short_to_long,0
14.51,148.99999999996714,88.999999999992895,9.0000000000088818,85.999999999981341,48.999999999999112,127.00000000001511,78.999999999976012,187.99999999999201,16.709999999999965,2380.3249999999543,SSLW,provisional_assumed_short_to_long,0
14.52,111.99999999992006,80.999999999998224,19.000000000008882,65,47.999999999996447,144.0000000000089,51.999999999991118,178.99999999998045,16.669999999999487,2328.849999999396,SSLW,provisional_assumed_short_to_long,0
14.53,66.999999999940314,79.999999999988631,24.000000000022737,64.999999999997158,45.999999999997158,148.99999999997442,46.999999999985789,167.99999999998295,16.38000000000017,1988.9100000003384,SSLW,provisional_assumed_short_to_long,0
14.54,46.000000000160405,76.000000000030553,31.999999999938893,64.000000000007645,45.000000000007638,140.00000000006875,42.000000000038192,162.00000000004582,16.440000000000001,2107.93999999997,SSLW,provisional_assumed_short_to_long,0
14.55,46,73.00000000002025,32,55.000000000060751,44.00000000000675,130.0000000000675,41.00000000000675,151.00000000007424,16.43999999999977,2099.949999999857,SSLW,provisional_assumed_short_to_long,0
14.56,46,71.000000000011724,32,54.000000000005862,45.999999999988276,131.99999999998829,36.00000000002931,143.0000000000469,16.38999999999989,2068.9999999999727,SSLW,provisional_assumed_short_to_long,0
14.57,45.000000000004974,71.999999999995026,32.999999999995026,53.000000000004974,46,117.00000000007461,36,139.0000000000199,16.369999999999969,2064.0200000000032,SSLW,provisional_assumed_short_to_long,0
14.58,45,72.999999999995907,33,53.999999999995914,46,101.00000000006537,36,133.0000000000245,16.364999999999991,2064.525000000001,SSLW,provisional_assumed_short_to_long,0
14.59,45,74.999999999993605,32.000000000003197,54,45.000000000003197,92.000000000028777,36,128.00000000001597,16.360000000000014,2065.0299999999984,SSLW,provisional_assumed_short_to_long,0
14.60,45,77.999999999993065,32.999999999997691,54,45,82.000000000023093,35.000000000002309,120.00000000001847,16.359999999999999,2064.0300000000025,SSLW,provisional_assumed_short_to_long,0
14.61,44.000000000001421,79.999999999997158,33.999999999998579,53.000000000001421,45,68.000000000019895,33.000000000002842,112.00000000001137,16.359999999999999,2067.0399999999959,SSLW,provisional_assumed_short_to_long,0
14.62,44.999999999999645,79.000000000000355,34.999999999999645,53.999999999999645,44.000000000000355,68,33,101.00000000000391,16.359999999999999,2072.0399999999981,SSLW,provisional_assumed_short_to_long,0
14.63,44,74.000000000002132,32.999999999999467,54,44,65.999999999997868,32.999999999999467,94.999999999998394,16.360000000000003,2084.0500000000034,SSLW,provisional_assumed_short_to_long,0
14.64,44,77.999999999995737,32.000000000001421,53.999999999998579,44.000000000001421,62,32,92,16.365000000000009,2090.0550000000085,SSLW,provisional_assumed_short_to_long,0
14.65,43.999999999997691,74.999999999983828,33.000000000004619,53,45,61.999999999995381,32,92.000000000006935,16.370000000000047,2096.0600000000645,SSLW,provisional_assumed_short_to_long,0
14.66,43.000000000003197,68.000000000003197,35,53,45,60,32,95.000000000022382,16.390000000000001,2124.0600000000768,SSLW,provisional_assumed_short_to_long,0
14.67,43.999999999992717,68.999999999992724,35,53,45,60,32,101.99999999994901,16.390000000000001,2148.0700000000288,SSLW,provisional_assumed_short_to_long,0
14.68,43.000000000006395,62.000000000044764,35.999999999993605,53,45,64.999999999968026,32,92.000000000063949,16.390000000000001,2155.0700000000102,SSLW,provisional_assumed_short_to_long,0
14.69,43.999999999994493,59.00000000001652,36.999999999994493,53,45.999999999994493,68.999999999977973,32,99.999999999955946,16.38999999999994,2157.0800000000236,SSLW,provisional_assumed_short_to_long,0
14.70,43.000000000004441,60.999999999991118,37,53,45.000000000004441,71.99999999998667,32,97.00000000001333,16.379999999999999,2161.1000000000208,SSLW,provisional_assumed_short_to_long,0
14.71,43,64.999999999985789,36.000000000003553,53,44.000000000003553,78.999999999975131,32,97,16.379999999999999,2164.1000000000063,SSLW,provisional_assumed_short_to_long,0
14.72,43,60.000000000013323,33.000000000007994,53,45.999999999994671,78.000000000002672,32,89.000000000021316,16.379999999999999,2167.0999999999917,SSLW,provisional_assumed_short_to_long,0
14.73,43,58.000000000003553,32.000000000001776,52.000000000001776,46,76.000000000003553,32,97.999999999984013,16.379999999999999,2174.0999999999876,SSLW,provisional_assumed_short_to_long,0
14.74,42.000000000000888,60.999999999997335,32,52.999999999999112,47.999999999998224,88.999999999988461,32,102.99999999999557,16.389999999999993,2180.0999999999945,SSLW,provisional_assumed_short_to_long,0
14.75,43,60,32,52,49,74,31,90,16.390000000000001,2187.0999999999999,SSLW,provisional_assumed_short_to_long,0
14.76,42,57.999999999994671,32.000000000000888,53,50.000000000000888,69.999999999998224,32,98,16.399999999999999,2199.1000000000131,SSLW,provisional_assumed_short_to_long,0
14.77,42,52.000000000001776,32.999999999998224,53,50.999999999996447,68.000000000017764,32,98.000000000003553,16.400000000000016,2214.1000000000131,SSLW,provisional_assumed_short_to_long,0
14.78,42,53.000000000014211,32,53,49.000000000002842,77.99999999997442,32,100.00000000002274,16.410000000000029,2221.6000000000213,SSLW,provisional_assumed_short_to_long,0
14.79,42,57.999999999961808,32,53,49.999999999992362,69.000000000068752,32,107.99999999993889,16.420000000000041,2229.1000000000222,SSLW,provisional_assumed_short_to_long,0
14.80,42,57.00000000000675,30.0000000000135,53,49.00000000000675,59.000000000067502,31.00000000000675,107.00000000000675,16.430000000000046,2235.0900000000188,SSLW,provisional_assumed_short_to_long,0
14.81,41.000000000005862,54.000000000017586,31.999999999988276,53,49.999999999994138,52.000000000041034,31.999999999994138,106.00000000000585,16.439999999999944,2239.0800000000277,SSLW,provisional_assumed_short_to_long,0
14.82,39.000000000009948,55.999999999990052,32,53,50,51.000000000004974,32,102.0000000000199,16.430000000000064,2244.0900000000129,SSLW,provisional_assumed_short_to_long,0
14.83,39,59.999999999983658,32,53,49.000000000004086,49.000000000008171,32,100.00000000000817,16.440000000000001,2246.0800000000581,SSLW,provisional_assumed_short_to_long,0
14.84,39,54.000000000019185,36.999999999984013,52.000000000003197,49.999999999996803,48.000000000003197,32,103.99999999998721,16.440000000000001,2254.0899999999747,SSLW,provisional_assumed_short_to_long,0
14.85,39,54.999999999997691,35.000000000004619,51.000000000002309,49.000000000002309,48.999999999997691,32,100.00000000000924,16.440000000000001,2256.0899999999956,SSLW,provisional_assumed_short_to_long,0
14.86,39,54.000000000001421,36.999999999997158,51.999999999998579,47.000000000002842,48.000000000001421,32,102.99999999999574,16.440000000000001,2258.0899999999974,SSLW,provisional_assumed_short_to_long,0
14.87,38.000000000000355,49.000000000001776,35.000000000000711,52,47,48,32,107.99999999999822,16.440000000000001,2255.0800000000008,SSLW,provisional_assumed_short_to_long,0
14.88,39,47.000000000001066,36.000000000001066,52,47,47,32,113.00000000000533,16.450000000000006,2263.0800000000022,SSLW,provisional_assumed_short_to_long,0
14.89,38.999999999998579,49.000000000002842,38.000000000001421,52,47.000000000004263,47.000000000001421,32,123.00000000001705,16.460000000000072,2267.0700000000229,SSLW,provisional_assumed_short_to_long,0
14.90,38,50.999999999995381,38.999999999997691,51.999999999997691,50.000000000002309,47.999999999997691,31.999999999997691,135.00000000003465,16.509999999999863,2283.0000000000509,SSLW,provisional_assumed_short_to_long,0
14.91,38.000000000009592,49.000000000019185,38.000000000009592,51.000000000006395,51,47,30.999999999996803,150.00000000007674,16.450000000000049,2305.1500000000351,SSLW,provisional_assumed_short_to_long,0
14.92,40.999999999978151,54.999999999956302,40.999999999978151,52.999999999985434,51,47,30.000000000007283,173.99999999982521,16.46500000000006,2316.125000000045,SSLW,provisional_assumed_short_to_long,0
14.93,43.999999999980815,55.999999999993605,40.000000000006395,53,51,47.999999999993605,30,192.9999999998785,16.480000000000299,2327.100000000044,SSLW,provisional_assumed_short_to_long,0
14.94,43.000000000005507,58.99999999998348,40.999999999994493,53.999999999994493,51.999999999994493,48.999999999994493,30.999999999994493,198.99999999996697,16.539999999999647,2336.0000000000009,SSLW,provisional_assumed_short_to_long,0
14.95,43,60.999999999991118,40.000000000004441,54,52.999999999995559,47.000000000008882,31,200.99999999999113,16.480000000000764,2336.1200000000399,SSLW,provisional_assumed_short_to_long,0
14.96,43,61.999999999996447,40,54,53,47,31,194.00000000002487,16.589999999999609,2341.9099999999694,SSLW,provisional_assumed_short_to_long,0
14.97,43,56.000000000015987,40.999999999997335,54,53,47.999999999997335,31.999999999997335,191.00000000000799,16.540000000000134,2338.0100000000107,SSLW,provisional_assumed_short_to_long,0
14.98,43,58.999999999994671,41,54,53.999999999998224,48,32,185.00000000001066,16.530000000000019,2334.0400000000072,SSLW,provisional_assumed_short_to_long,0
14.99,43,62.999999999996447,41.999999999999112,54,53.000000000000888,48,32,189.99999999999557,16.52000000000001,2333.045000000001,SSLW,provisional_assumed_short_to_long,0
15.00,43,63,41,53,51,48,31,189,16.510000000000002,2332.0500000000002,SSLW,provisional_assumed_short_to_long,0
15.01,43.000000000000888,61.000000000002665,41.999999999999112,52.000000000001776,50.000000000001776,48,32,200.00000000000355,16.509999999999991,2325.0499999999965,SSLW,provisional_assumed_short_to_long,0
15.02,44.000000000001776,64,40.999999999998224,53.999999999998224,51.999999999996447,47.999999999998224,31.999999999998224,204.00000000001776,16.499999999999307,2321.0600000000186,SSLW,provisional_assumed_short_to_long,0
15.03,45.000000000002842,64.000000000014211,39.999999999997158,53,50.000000000011369,47,31,214.00000000001705,16.109999999997243,2331.6300000000315,SSLW,provisional_assumed_short_to_long,0
15.04,45.999999999992362,68.999999999961801,39.000000000007638,53,53.999999999969447,47,31,219.99999999995418,15.139999999998285,2342.7400000002526,SSLW,provisional_assumed_short_to_long,0
15.05,49.999999999972999,74.999999999959499,39,52.00000000000675,91.999999999743494,46.00000000000675,41.999999999925748,215.00000000003376,14.679999999997875,2410.5150000003127,SSLW,provisional_assumed_short_to_long,0
15.06,84.999999999794824,77.999999999982407,38.000000000005862,50.000000000011724,127.99999999978897,45.000000000005862,85.999999999742073,238.99999999985931,14.219999999998679,2478.289999999588,SSLW,provisional_assumed_short_to_long,0
15.07,136.99999999974136,82.999999999975131,44.999999999965183,60.999999999945288,155.99999999986073,75.999999999845812,87.999999999990052,262.99999999988063,13.98000000000096,2403.4399999997836,SSLW,provisional_assumed_short_to_long,0
15.08,184.99999999980389,83.999999999995907,46.999999999991829,81.999999999914195,173.99999999992644,105.99999999987743,78.000000000040856,279.99999999993054,14.130000000001967,2369.5800000011732,SSLW,provisional_assumed_short_to_long,0
15.09,231.99999999984971,90.999999999977618,48.999999999993605,91.999999999968026,186.99999999995845,116.99999999996483,70.00000000002558,297.99999999994247,14.399999999999137,2530.6699999994848,SSLW,provisional_assumed_short_to_long,0
15.10,265.9999999999215,98.999999999981526,49,92,192.99999999998613,122.99999999998614,79.999999999976907,298.99999999999767,14.489999999999792,2552.6699999999491,SSLW,provisional_assumed_short_to_long,0
15.11,273.99999999998863,89.000000000014211,48.000000000001421,102.99999999998437,193.99999999999858,130.99999999998863,87.999999999988631,313.99999999997868,14.569999999999887,2557.6499999999928,SSLW,provisional_assumed_short_to_long,0
15.12,246.00000000000995,79.000000000003553,48,114.99999999999574,191.00000000000108,131,64.000000000008527,320.9999999999975,14.599999999999989,2602.639999999984,SSLW,provisional_assumed_short_to_long,0
15.13,258.00000000000853,76.000000000004263,47,115.99999999999467,191.00000000000267,140.00000000000799,56.000000000006395,329.00000000000745,14.645000000000024,2664.635000000033,SSLW,provisional_assumed_short_to_long,0
15.14,274.00000000001705,84,46.999999999997158,105.99999999999716,196.00000000000711,155.00000000002984,68.000000000014211,343.00000000002274,14.690000000000085,2726.6300000000697,SSLW,provisional_assumed_short_to_long,0
15.15,286.00000000002308,83.999999999995381,44.999999999997691,103.99999999999307,201.00000000000693,175.9999999999977,77.999999999986144,359.00000000001154,14.750000000000762,2775.6200000001118,SSLW,provisional_assumed_short_to_long,0
15.16,296.00000000002558,82.000000000006395,44.000000000003197,100.9999999999968,203.99999999998721,175.00000000004155,71.999999999990408,364.00000000002558,15.079999999999265,2823.990000000219,SSLW,provisional_assumed_short_to_long,0
15.17,303.99999999994174,83.999999999985434,44.999999999992717,100.00000000000728,200.00000000002913,187.99999999990533,69.000000000021856,371.99999999994174,14.850000000000286,2892.5900000001961,SSLW,provisional_assumed_short_to_long,0
15.18,306.99999999998079,84,45,102.99999999998082,195.00000000003197,190.99999999998082,67.00000000001279,371.00000000000637,14.920000000000398,2940.5600000000295,SSLW,provisional_assumed_short_to_long,0
15.19,300.00000000003854,83.000000000005514,45,110.99999999995595,177.00000000009913,189.00000000001103,63.000000000022027,371.99999999999449,15.000000000000234,2946.500000000035,SSLW,provisional_assumed_short_to_long,0
15.20,293.00000000003109,84.999999999991118,45,113.99999999998667,165.00000000005329,188.00000000000443,65.99999999998667,362.00000000004439,15.040000000000276,2952.4900000000416,SSLW,provisional_assumed_short_to_long,0
15.21,289.00000000001421,82.000000000010658,45.999999999996447,119.99999999997868,153.00000000004263,181.00000000002487,77.999999999957367,360.00000000000711,15.08000000000086,2958.4800000000068,SSLW,provisional_assumed_short_to_long,0
15.22,279.00000000002666,82,46,122.99999999999201,153.99999999999733,174.00000000001864,88.999999999970697,353.00000000001864,15.189999999999706,2959.3699999999976,GT,provisional_assumed_short_to_long,0
15.23,271.00000000001421,81.000000000001776,46,123.99999999999822,152.00000000000355,170.00000000000711,117.99999999994849,342.00000000001955,15.289999999999822,2953.2800000000111,GT,provisional_assumed_short_to_long,0
15.24,264.0000000000062,78.000000000002672,45.000000000000888,124,152.99999999999912,154.00000000001421,136.99999999998312,330.00000000001069,15.389999999999912,2936.1700000000151,GT,provisional_assumed_short_to_long,0
15.25,256,80,46,123,151,153,145,321,15.5,2926.0599999999999,GT,provisional_assumed_short_to_long,0
15.26,238.99999999997513,78.999999999997328,46,121.99999999999378,149.99999999999378,152.99999999997868,163.00000000001333,309.99999999999289,15.540000000000035,2921.5099999999961,GT,provisional_assumed_short_to_long,0
15.27,210.99999999996268,75.99999999998046,45.999999999996447,114.99999999998579,142.99999999996268,128.99999999998045,178.00000000001245,301.99999999996447,15.580000000000178,2916.959999999975,GT,provisional_assumed_short_to_long,0
15.28,189.99999999996021,64.999999999991473,44,106.99999999999432,121.99999999996305,118.00000000000284,185.00000000000568,281.99999999992895,15.680000000000312,2902.8399999999201,GT,provisional_assumed_short_to_long,0
15.29,176.00000000010692,62.000000000022915,44,105.00000000001528,109.00000000009931,118.99999999999235,186.99999999998471,257.00000000019094,15.790000000000671,2874.6799999999052,GT,provisional_assumed_short_to_long,0
15.30,164.000000000081,50.000000000081002,44,98.000000000047251,107.0000000000135,117.0000000000135,198.999999999919,222.00000000023624,15.970000000000786,2849.3599999998974,GT,provisional_assumed_short_to_long,0
15.31,141.00000000013483,48.000000000011724,44,95.000000000017593,105.00000000001172,115.00000000001172,192.00000000004104,185.00000000021689,16.140000000000661,2827.0799999999931,GT,provisional_assumed_short_to_long,0
15.32,125.00000000007958,47.000000000004974,43.000000000004974,92.000000000014921,92.000000000064659,112.00000000001492,190.00000000000995,162.0000000001144,16.260000000000289,2825.860000000006,GT,provisional_assumed_short_to_long,0
15.33,119.00000000002451,44.000000000012257,44.999999999991829,90.000000000008171,90.000000000008171,113.99999999999183,193.99999999998366,153.00000000003678,16.305000000000074,2826.7650000000017,GT,provisional_assumed_short_to_long,0
15.34,113.00000000001918,44,45.999999999996803,87.000000000009592,87.000000000009592,104.00000000003197,190.00000000001279,139.00000000004476,16.349999999999859,2827.6699999999973,GT,provisional_assumed_short_to_long,0
15.35,110.00000000000693,48.999999999988454,45.000000000002309,86.000000000002302,81.000000000013856,104,181.00000000002078,129.00000000002308,16.399999999999885,2824.5700000000074,GT,provisional_assumed_short_to_long,0
15.36,105.00000000000711,56.999999999988631,45,87.999999999997158,77.000000000005684,104.99999999999858,175.00000000000853,129,16.409999999999986,2816.5300000000116,GT,provisional_assumed_short_to_long,0
15.37,106.99999999999929,64.999999999997158,45.999999999999645,90.999999999998934,76.000000000000355,105.99999999999964,172.00000000000108,137.99999999999682,16.439999999999991,2818.4999999999991,GT,provisional_assumed_short_to_long,0
15.38,111.00000000000374,71.000000000001606,46.000000000001066,92.00000000000054,77.000000000004263,114.00000000000161,176.99999999999841,147.00000000000853,16.470000000000017,2818.4500000000003,GT,provisional_assumed_short_to_long,0
15.39,117.99999999999574,74.000000000019895,48.000000000001421,93.000000000017053,85,117.00000000001563,174.00000000000568,163.00000000002274,16.505000000000049,2819.3750000000014,GT,provisional_assumed_short_to_long,0
15.40,115.00000000001386,88.00000000005312,49,105.00000000002079,85.000000000023093,128.00000000001387,178.00000000001387,179.00000000003695,16.540000000000092,2820.2999999999679,GT,provisional_assumed_short_to_long,0
15.41,121.00000000004157,111.00000000009592,49.000000000003197,114.00000000003197,95.000000000054357,134.00000000005755,184.00000000001279,195.00000000005434,16.579999999999966,2806.2900000000541,GT,provisional_assumed_short_to_long,0
15.42,133.99999999990533,140.99999999978149,49.999999999992717,123.99999999992717,111.9999999998762,151.99999999986892,187.99999999997087,211.9999999998762,16.570000000000164,2823.2299999999345,GT,provisional_assumed_short_to_long,0
15.43,152.9999999998785,172.99999999979536,50,139.99999999989768,121.99999999993605,170.9999999998785,195.99999999994884,252.99999999973781,16.610000000000248,2807.2399999999843,GT,provisional_assumed_short_to_long,0
15.44,162.99999999994492,198.99999999985681,50.999999999994493,158.99999999989538,136.99999999991741,182.99999999993392,204.99999999995043,278.99999999985681,16.66,2804.1299999999942,GT,provisional_assumed_short_to_long,0
15.45,170.99999999996447,216.99999999992008,51.999999999995559,178.99999999991118,151.99999999993338,198.99999999992895,216.99999999994671,305.99999999988012,16.659999999999862,2803.1500000000556,GT,provisional_assumed_short_to_long,0
15.46,189.9999999999325,231.99999999994671,52.999999999996447,189.99999999996092,170.9999999999325,210.99999999995737,220.99999999998579,333.99999999990052,16.639999999999958,2811.155000000017,GT,provisional_assumed_short_to_long,0
15.47,207.99999999995202,239.99999999997868,52.000000000002665,197.99999999997868,176.99999999998403,216.99999999998403,223.99999999999201,343.99999999997334,16.620000000000054,2819.1599999999785,GT,provisional_assumed_short_to_long,0
15.48,212.99999999999113,247.99999999998579,52,207.99999999998224,186.99999999998224,220.99999999999289,228.99999999999113,355.99999999997868,16.689999999999877,2802.0600000000304,GT,provisional_assumed_short_to_long,0
15.49,217.99999999999557,250.99999999999733,52,218.99999999999022,196.99999999999113,230.99999999999113,234.99999999999466,364.99999999999199,16.729999999999965,2804.9899999999971,GT,provisional_assumed_short_to_long,0
15.50,230,257,52,228,199,238,245,376,16.760000000000002,2813.9400000000001,GT,provisional_assumed_short_to_long,0
15.51,237.0000000000089,265.00000000000711,52,242.0000000000089,206.00000000000355,244.00000000000355,253.00000000000534,379.0000000000133,16.859999999999882,2841.8800000000147,GT,provisional_assumed_short_to_long,0
15.52,247.00000000001421,273.00000000000711,52,252.000000000016,210.00000000000534,248.00000000000355,259.00000000001421,394.00000000001597,16.730000000000178,2858.2300000000096,GT,provisional_assumed_short_to_long,0
15.53,255.00000000003979,277.00000000000284,52,261.00000000001421,213.00000000000284,250.00000000000568,267.00000000000568,403.00000000000853,16.830000000000283,2863.5350000000153,GT,provisional_assumed_short_to_long,0
15.54,268.99999999989308,277.99999999999238,52,265.9999999999618,213.99999999999235,251.99999999998471,268.99999999998471,405.99999999997709,16.930000000000263,2868.8399999999442,GT,provisional_assumed_short_to_long,0
15.55,282.99999999990553,282.99999999996624,52,268.99999999997976,214,250.0000000000135,270.99999999998647,407.99999999998647,17,2853.8299999999999,GT,provisional_assumed_short_to_long,0
15.56,290.9999999999531,285.99999999998244,51.000000000005862,272.99999999997658,214.99999999999415,250.99999999999415,273.99999999998244,408,17.000000000000167,2853.8500000000104,GT,provisional_assumed_short_to_long,0
15.57,293.99999999998511,285.000000000005,49.000000000009948,275.99999999998511,217.99999999998508,251,279.99999999997016,409.99999999999005,17.029999999999809,2855.7900000000391,GT,provisional_assumed_short_to_long,0
15.58,296.99999999998772,285,49,274.00000000000819,218,248.00000000001225,274.0000000000245,409.00000000000409,17.000000000000071,2861.889999999978,GT,provisional_assumed_short_to_long,0
15.59,298.99999999999363,282.00000000000961,49,274.99999999999682,217.00000000000318,244.00000000001279,274.99999999999682,408.00000000000318,17.00999999999997,2858.8800000000097,GT,provisional_assumed_short_to_long,0
15.60,300.49999999999653,279.5000000000058,48.000000000002309,275,217.49999999999883,242.50000000000347,276.9999999999954,406.0000000000046,17.010000000000002,2856.380000000006,GT,provisional_assumed_short_to_long,0
15.61,301.99999999999812,277.00000000000313,47.000000000001243,275,217.99999999999937,241.00000000000188,278.9999999999975,404.0000000000025,17.010000000000002,2853.8800000000033,GT,provisional_assumed_short_to_long,0
15.62,303.99999999999932,278.99999999999932,47,274.00000000000034,218,239.00000000000071,276.00000000000108,401.00000000000108,16.960000000000019,2868.8799999999947,GT,provisional_assumed_short_to_long,0
15.63,308.00000000000296,275.99999999999841,45.999999999999467,276,218.00000000000026,241.99999999999628,271.99999999999841,397.99999999999574,16.97000000000002,2866.8399999999824,GT,provisional_assumed_short_to_long,0
15.64,313.50000000000784,272.99999999999574,44.999999999998579,276,218.50000000000071,234.99999999999005,268.99999999999574,389.99999999998863,17.009999999999931,2833.8000000000143,GT,provisional_assumed_short_to_long,0
15.65,319.00000000000927,269.99999999998846,43.999999999997691,275.99999999998153,219.0000000000023,227.99999999999076,265.99999999999307,381.99999999996766,16.960000000000001,2843.7799999999725,GT,provisional_assumed_short_to_long,0
15.66,322.99999999999363,264.99999999998721,42.99999999997442,268,219.99999999998721,223.99999999998721,262.99999999998084,367.99999999995526,16.960000000000065,2831.7499999999118,GT,provisional_assumed_short_to_long,0
15.67,321.00000000001455,261.0000000000291,35.000000000058265,268,216.00000000002913,220.00000000002913,257.00000000004371,354.00000000010198,16.980000000000082,2804.1899999998873,GT,provisional_assumed_short_to_long,0
15.68,317.00000000002558,256.00000000003195,30.000000000031974,272.99999999996805,213.00000000001918,220,253.00000000002558,354.99999999999363,16.999999999999901,2776.629999999886,GT,provisional_assumed_short_to_long,0
15.69,315.00000000001103,256,23.000000000038547,281.99999999995043,211.00000000001103,218.00000000001103,254.99999999998897,360.99999999996697,16.980000000000061,2753.6399999998293,GT,provisional_assumed_short_to_long,0
15.70,312.0000000000133,257.99999999999113,22.000000000004441,273.00000000003996,214.99999999998224,212.00000000002666,246.00000000003996,370.99999999995561,16.98999999999965,2724.5799999998203,GT,provisional_assumed_short_to_long,0
15.71,306.00000000002132,258,22.999999999996447,249.00000000008527,210.00000000001776,208.00000000001421,232.00000000004974,367.00000000001421,16.93999999999961,2698.6599999998753,GT,provisional_assumed_short_to_long,0
15.72,289.0000000000453,248.00000000002666,22.000000000002665,231.00000000004798,199.0000000000293,214.99999999998136,212.00000000005329,353.00000000003729,16.890000000000136,2682.7300000000423,GT,provisional_assumed_short_to_long,0
15.73,272.00000000003018,243.00000000000887,28.999999999987566,214.00000000003018,175.00000000004263,213.00000000000355,187.00000000004439,320.00000000005861,16.810000000000141,2661.8600000000374,GT,provisional_assumed_short_to_long,0
15.74,252.00000000001776,231.00000000001066,30.999999999998224,206.00000000000711,171.00000000000355,220.99999999999289,170.00000000001509,304.00000000001421,16.780000000000026,2638.3900000000208,GT,provisional_assumed_short_to_long,0
15.75,232,222,31,193,156,239,141,276,16.75,2614.9200000000001,GT,provisional_assumed_short_to_long,0
15.76,213.99999999998667,210.99999999998846,32,180.99999999999557,163.99999999999645,247.99999999999912,106.9999999999698,263.99999999999289,16.68999999999993,2536.9499999999325,GT,provisional_assumed_short_to_long,0
15.77,198.99999999997334,198.00000000000355,32.000000000003553,175.99999999999645,159.9999999999911,247.00000000000179,72.999999999973355,255.9999999999911,16.609999999999857,2461.0199999998258,GT,provisional_assumed_short_to_long,0
15.78,183.99999999995737,199.99999999998863,34.000000000011369,173.99999999999432,154.99999999999716,248.00000000000284,57.999999999985789,250.9999999999801,16.529999999999831,2363.0399999997894,GT,provisional_assumed_short_to_long,0
15.79,169.00000000011457,196.00000000003055,37.999999999969447,172.00000000001529,154.00000000000765,248.99999999999235,53.000000000038192,244.00000000005346,16.469999999999999,2289.04,GT,provisional_assumed_short_to_long,0
15.80,156.00000000008777,184.000000000081,38,164.000000000054,152.0000000000135,248.00000000000676,51.0000000000135,239.00000000003376,16.469999999999999,2289.0349999999999,GT,provisional_assumed_short_to_long,0
15.81,135.00000000012309,173.00000000006449,38.999999999994138,151.0000000000762,152,240.0000000000469,50.000000000005862,230.00000000005275,16.470000000000056,2289.0299999999893,GT,provisional_assumed_short_to_long,0
15.82,118.00000000008455,151.00000000010942,39.999999999995026,145.00000000002984,141.00000000005471,226.00000000006963,47.000000000014921,212.00000000008953,16.479999999999873,2287.0299999998851,GT,provisional_assumed_short_to_long,0
15.83,98.000000000081712,137.00000000005718,40.999999999995914,138.00000000002859,131.00000000004087,207.00000000007762,42.000000000020428,196.00000000006537,16.45999999999993,2269.0299999999274,GT,provisional_assumed_short_to_long,0
15.84,81.000000000054357,133.00000000001279,41.999999999996803,123.00000000004796,118.00000000004157,194.00000000004155,39.000000000009592,192.00000000001279,16.450000000000031,2259.0400000000318,GT,provisional_assumed_short_to_long,0
15.85,74.000000000016172,115.00000000004157,42.999999999997691,106.00000000003925,116.00000000000462,181.00000000003001,38.000000000002309,174.00000000004155,16.449999999999999,2261.0399999999954,GT,provisional_assumed_short_to_long,0
15.86,69.000000000006224,115.99999999999875,43,102.00000000000497,113.00000000000372,163.0000000000224,36.000000000002487,167.0000000000087,16.449999999999999,2261.04,GT,provisional_assumed_short_to_long,0
15.87,68.000000000000355,108.00000000000284,43.999999999999645,96.000000000002132,113.99999999999964,145.00000000000639,36,157.00000000000355,16.449999999999999,2257.0400000000013,GT,provisional_assumed_short_to_long,0
15.88,61.000000000000533,99.99999999999946,44.000000000000533,92,117.000000000008,133.99999999999946,35,152.00000000000372,16.455000000000002,2262.0400000000027,GT,provisional_assumed_short_to_long,0
15.89,62.000000000001421,98.999999999997158,45,91.999999999997158,132.00000000001137,132.99999999999289,35,159.00000000000568,16.460000000000015,2267.0400000000141,GT,provisional_assumed_short_to_long,0
15.90,62.999999999997691,96.999999999974591,45.000000000002309,89.999999999997684,140.00000000001387,127.99999999999538,35,163.00000000000463,16.470000000000024,2277.0400000000186,GT,provisional_assumed_short_to_long,0
15.91,61.999999999996803,86.000000000009592,46,88.999999999990408,146.00000000000958,126.00000000000639,35,165.00000000002237,16.48,2285.0300000000225,GT,provisional_assumed_short_to_long,0
15.92,61.000000000007283,88.999999999978144,46,86.000000000021856,148.99999999997814,127.99999999998543,35,171.99999999994901,16.48,2292.0300000000248,GT,provisional_assumed_short_to_long,0
15.93,60.000000000006395,91.999999999980815,46.999999999993605,69.000000000108713,158.99999999993605,135.99999999994884,35.999999999993605,173.99999999998721,16.48000000000005,2298.04000000003,GT,provisional_assumed_short_to_long,0
15.94,60,91.000000000005514,47.999999999994493,69,163.99999999997246,140.99999999997246,36,175.99999999998897,16.490000000000027,2304.0300000000325,GT,provisional_assumed_short_to_long,0
15.95,60.999999999995559,88.00000000001333,48,68.000000000004434,170.99999999996891,144.99999999998224,36,180.9999999999778,16.495000000000033,2309.5300000000384,GT,provisional_assumed_short_to_long,0
15.96,62.999999999992895,87.000000000003553,48,68,194.99999999991473,139.00000000002132,35.000000000003553,184.99999999998579,16.5,2315.0300000000002,GT,provisional_assumed_short_to_long,0
15.97,63,92.999999999984013,47.000000000002665,66.000000000005329,213.99999999994938,139,35.999999999997335,184.00000000000267,16.5,2315.04,GT,provisional_assumed_short_to_long,0
15.98,63.999999999998224,87.000000000010658,47.999999999998224,66,229.99999999997158,147.99999999998403,36,184,16.5,2320.0399999999909,GT,provisional_assumed_short_to_long,0
15.99,57.000000000006217,80.000000000006224,48,65.000000000000881,237.99999999999289,160.99999999998846,36,183.00000000000088,16.5,2321.0399999999991,GT,provisional_assumed_short_to_long,0
16.00,54,80,49,64,245,175,36,186,16.5,2323.04,GT,provisional_assumed_short_to_long,0
16.01,50,84.000000000001066,47.999999999998934,62.999999999998934,251.00000000000426,178.99999999999787,37.000000000001066,183.99999999999892,16.5,2323.5400000000004,GT,provisional_assumed_short_to_long,0
16.02,49.999999999996447,85,47.000000000001776,61.999999999989342,255.00000000000534,176.99999999998224,38.000000000003553,182.99999999999466,16.5,2324.0400000000054,GT,provisional_assumed_short_to_long,0
16.03,48.000000000002842,84.999999999977263,47.999999999997158,56,258.00000000000284,166.99999999997442,40.000000000019895,179.99999999999147,16.5,2327.0400000000141,GT,provisional_assumed_short_to_long,0
16.04,48.999999999992184,77.000000000062528,47.000000000007816,56,258.99999999999216,158.00000000007034,46.999999999945288,177.00000000002345,16.500000000000036,2332.0500000000534,GT,provisional_assumed_short_to_long,0
16.05,47.0000000000135,72.000000000033751,47,56,255.000000000027,132.0000000001755,55.999999999939249,174.00000000002024,16.509999999999955,2347.070000000037,GT,provisional_assumed_short_to_long,0
16.06,47,72.99999999999396,46.00000000000604,56,254.00000000000603,107.00000000015099,66.999999999933564,174,16.500000000000053,2355.0800000000318,GT,provisional_assumed_short_to_long,0
16.07,47,73,45.000000000004974,58.999999999985079,248.00000000002984,98.000000000044764,78.999999999940314,169.00000000002487,16.510000000000002,2361.0900000000256,GT,provisional_assumed_short_to_long,0
16.08,44.000000000011724,68.00000000001954,45,60.999999999992184,241.00000000002734,100.99999999998828,101.99999999991012,169.99999999999608,16.510000000000002,2365.0950000000071,GT,provisional_assumed_short_to_long,0
16.09,44,67.000000000003197,45,62.999999999993605,226.00000000004798,69.000000000102318,112.99999999996483,165.00000000001597,16.510000000000002,2369.0999999999872,GT,provisional_assumed_short_to_long,0
16.10,44.999999999997868,70.999999999991473,45.999999999997868,63.999999999997868,216.00000000002132,73.999999999989342,112.00000000000213,158.00000000001492,16.500000000000021,2372.1099999999938,GT,provisional_assumed_short_to_long,0
16.11,44.000000000001421,67.000000000005684,45.000000000001421,64.999999999998579,207.00000000001279,63.000000000015632,115.99999999999432,166.99999999998721,16.5,2376.1099999999942,GT,provisional_assumed_short_to_long,0
16.12,44,62.000000000001776,45.999999999999645,65,194.0000000000046,72.999999999996447,116,165.00000000000071,16.5,2381.1099999999983,GT,provisional_assumed_short_to_long,0
16.13,44.999999999999289,60.000000000000355,46,67.000000000000355,189.99999999999858,65.000000000001776,125.00000000000071,170.00000000000179,16.510000000000002,2383.1100000000006,GT,provisional_assumed_short_to_long,0
16.14,43.000000000001421,60.99999999998721,45.999999999998579,68.000000000021316,185.99999999998295,69.999999999995737,127,175.00000000000142,16.510000000000002,2384.6100000000024,GT,provisional_assumed_short_to_long,0
16.15,43.999999999997868,52.000000000014921,45,83.000000000008527,173.99999999999361,66.999999999995737,126.99999999999361,175.99999999999574,16.510000000000002,2386.1100000000192,GT,provisional_assumed_short_to_long,0
16.16,43,58.999999999980815,45,87.000000000006395,170.99999999998721,64.999999999996803,124.00000000001599,174,16.510000000000002,2395.1200000000031,GT,provisional_assumed_short_to_long,0
16.17,43,53.000000000042633,45,88.999999999985789,167.00000000002842,64.000000000007105,128.99999999996447,174,16.510000000000002,2396.1200000000213,GT,provisional_assumed_short_to_long,0
16.18,43,52.000000000006395,45,89,168.99999999998721,64.999999999993605,128.00000000000639,171.00000000001918,16.510000000000051,2401.1300000000947,GT,provisional_assumed_short_to_long,0
16.19,42.000000000005329,54.999999999984013,45,89,169,80.999999999914735,116.00000000006395,166.00000000002666,16.519999999999818,2420.1300000003753,GT,provisional_assumed_short_to_long,0
16.20,42.999999999995381,54.000000000004619,45,89.999999999995381,172.99999999998153,92.999999999944578,111.00000000002309,165.0000000000046,16.489999999998986,2482.2300000002851,GT,provisional_assumed_short_to_long,0
16.21,45.999999999989342,61.999999999971578,45.999999999996447,92.999999999989342,176.99999999998579,93.999999999996447,116.99999999997868,175.99999999996092,16.339999999999336,2524.4900000001962,GT,provisional_assumed_short_to_long,0
16.22,47.999999999994316,70.99999999997442,46,94.999999999994316,181.99999999998579,122.99999999991758,117,183.99999999997726,16.254999999999761,2549.6400000000713,GT,provisional_assumed_short_to_long,0
16.23,49.999999999996447,72.999999999996447,46,101.99999999998757,185.99999999999289,139.99999999996982,120.99999999999289,190.99999999998755,16.170000000000151,2574.7899999999554,GT,provisional_assumed_short_to_long,0
16.24,59.999999999992895,73,46.999999999999289,118.99999999998792,190.99999999999645,132.00000000000568,124.99999999999716,194.99999999999716,16.020000000000106,2610.0699999999752,GT,provisional_assumed_short_to_long,0
16.25,75,72,48,130,196,138,130,208,15.92,2660.1700000000001,GT,provisional_assumed_short_to_long,0
16.26,87.000000000005329,78.999999999996803,48.000000000001066,139.00000000001279,190.00000000000108,141.00000000000747,135.99999999999892,208.00000000000108,15.909999999999989,2678.2000000000085,GT,provisional_assumed_short_to_long,0
16.27,92.000000000005329,75.999999999992895,49,151.00000000001421,191.00000000001245,148.00000000001421,134.99999999999645,209.00000000001245,15.899999999999991,2686.2300000000064,GT,provisional_assumed_short_to_long,0
16.28,94.999999999982947,71.999999999997158,49.000000000002842,159.00000000001421,198.00000000001137,156.00000000000853,133.00000000000853,216.00000000000284,15.894999999999985,2689.7450000000099,GT,provisional_assumed_short_to_long,0
16.29,89.000000000046896,71.000000000007816,49.999999999992184,163.99999999996092,201.99999999996874,158.99999999997655,135.99999999997655,216.99999999999218,15.88999999999993,2693.2600000000321,GT,provisional_assumed_short_to_long,0
16.30,77.000000000081002,72.9999999999865,50,166.99999999997976,205.999999999973,159.99999999999324,133.00000000002024,220.999999999973,15.869999999999861,2702.2800000000279,GT,provisional_assumed_short_to_long,0
16.31,67.000000000060396,77.999999999969802,50,167.99999999999397,206,160.99999999999397,134.99999999998792,225.99999999996982,15.84,2708.3100000000268,GT,provisional_assumed_short_to_long,0
16.32,58.000000000044764,78.999999999995026,50,169.99999999999005,206.99999999999503,164.9999999999801,136.99999999999005,226,15.839999999999616,2713.3200000000197,GT,provisional_assumed_short_to_long,0
16.33,47.000000000042988,80.999999999992184,49.000000000003908,163.00000000002734,203.00000000001563,167.99999999998829,131.00000000002345,223.00000000001171,15.779999999999999,2716.3600000000079,GT,provisional_assumed_short_to_long,0
16.34,46.500000000001599,85.999999999984013,49,156.50000000002078,196.0000000000224,160.00000000002558,128.00000000000961,221.5000000000048,15.779999999999999,2717.3799999999969,GT,provisional_assumed_short_to_long,0
16.35,46.000000000001066,90.999999999989342,49,150.00000000001387,189.00000000001492,152.00000000001705,125.00000000000639,220.00000000000318,15.770000000000021,2717.3899999999999,GT,provisional_assumed_short_to_long,0
16.36,46.999999999998579,81.000000000014211,49,146.00000000000568,182.00000000000995,154.99999999999574,130.99999999999147,216.00000000000568,15.760000000000014,2717.4000000000001,GT,provisional_assumed_short_to_long,0
16.37,44.000000000001066,81.999999999999645,49.999999999999645,145.00000000000034,167.00000000000534,144.00000000000392,124.00000000000249,209.0000000000025,15.76,2718.4099999999994,GT,provisional_assumed_short_to_long,0
16.38,44.000000000000355,83,49,143.99999999999929,162.99999999999716,140.99999999999963,118.99999999999929,210,15.759999999999996,2718.4100000000012,GT,provisional_assumed_short_to_long,0
16.39,45.000000000001421,83.000000000007105,49.000000000001421,141.99999999999716,155,140.00000000000284,116.9999999999801,210.00000000000853,15.75,2722.4200000000014,GT,provisional_assumed_short_to_long,0
16.40,46.000000000006395,88.000000000044764,50,140.00000000000426,155.00000000001918,141.99999999998721,103.00000000001705,216.00000000003624,15.749999999999979,2723.4300000000021,GT,provisional_assumed_short_to_long,0
16.41,49.000000000035172,109.00000000004476,50.000000000003197,142.00000000001279,163.99999999998721,136,111.00000000001279,233.00000000005434,15.739999999999968,2724.4500000000016,GT,provisional_assumed_short_to_long,0
16.42,59.99999999992184,122.99999999990052,50.999999999992895,145.99999999997158,160.00000000002842,136,114.99999999997158,249.99999999987921,15.729999999999958,2724.9600000000019,GT,provisional_assumed_short_to_long,0
16.43,83.999999999846523,131.99999999994245,50.000000000006395,159.99999999991047,160,145.99999999993605,125.99999999992966,268.99999999987847,15.719999999999802,2725.4700000000053,GT,provisional_assumed_short_to_long,0
16.44,94.99999999994138,146.99999999992008,51.999999999989342,171.99999999993605,171.99999999993605,143.00000000001597,134.99999999995202,284.99999999991473,15.679999999999879,2726.5400000000423,GT,provisional_assumed_short_to_long,0
16.45,101.99999999996767,150.99999999998153,52,179.99999999996305,172.9999999999954,148.99999999997229,137.99999999998613,294.99999999995384,15.659999999999865,2733.5700000000679,GT,provisional_assumed_short_to_long,0
16.46,115.99999999995026,158.99999999997158,51.000000000003553,181.99999999999289,165.00000000002842,149,139.99999999999289,292.00000000001069,15.640000000000001,2743.5800000001013,GT,provisional_assumed_short_to_long,0
16.47,119.99999999998863,162.99999999998863,52.999999999994316,183.99999999999432,174.99999999997158,149.99999999999716,140.99999999999716,297.99999999998295,15.640000000000001,2756.5799999999631,GT,provisional_assumed_short_to_long,0
16.48,127.99999999998579,167.99999999999113,52.000000000001776,184,174.00000000000176,152.99999999999466,147.99999999998755,299.99999999999648,15.640000000000001,2760.0799999999936,GT,provisional_assumed_short_to_long,0
16.49,129.99999999999858,170.99999999999787,52.999999999999289,184.99999999999929,173.00000000000071,152.00000000000071,145.00000000000213,300.99999999999932,15.640000000000001,2763.5799999999977,GT,provisional_assumed_short_to_long,0
16.50,131,174,52,183,169,156,145,302,15.640000000000001,2767.5900000000001,GT,provisional_assumed_short_to_long,0
16.51,130.99999999999787,174.00000000000108,52.999999999998934,180.99999999999892,166.99999999999787,153.99999999999892,148.00000000000213,304,15.640000000000001,2774.5900000000001,GT,provisional_assumed_short_to_long,0
16.52,128.99999999999645,175,52.000000000001776,179.9999999999911,165,152.99999999999466,149.99999999998755,304,15.640000000000036,2774.5900000000001,GT,provisional_assumed_short_to_long,0
16.53,127.00000000000284,174.9999999999801,52.999999999997158,174.99999999998579,164.99999999998863,149.99999999999432,143.00000000000853,303.99999999998863,15.660000000000029,2774.5800000000227,GT,provisional_assumed_short_to_long,0
16.54,127.99999999999218,168.00000000005471,52.000000000007816,170.00000000003908,161.00000000003126,148.00000000001563,145.99999999997655,300.00000000003126,15.670000000000018,2782.5700000000056,GT,provisional_assumed_short_to_long,0
16.55,128,170.99999999997976,52.99999999999325,167.00000000002024,158.00000000002024,148,137.00000000006077,296.000000000027,15.675000000000022,2784.070000000007,GT,provisional_assumed_short_to_long,0
16.56,124.00000000002416,165.00000000003624,51.000000000012079,164.00000000001813,152.00000000003624,148.99999999999397,144.99999999995168,291.00000000003018,15.680000000000053,2785.5699999999947,GT,provisional_assumed_short_to_long,0
16.57,116.00000000003979,165,52.999999999990052,162.00000000000995,148.0000000000199,147.00000000000995,143.00000000000995,284.00000000003479,15.690000000000063,2784.5599999999999,GT,provisional_assumed_short_to_long,0
16.58,109.00000000002736,165,52.000000000003908,160.00000000000782,146.00000000000782,147.99999999999608,139.00000000001563,276.00000000003126,15.700000000000074,2784.539999999985,GT,provisional_assumed_short_to_long,0
16.59,109.49999999999841,163.5000000000048,52,157.00000000000961,144.5000000000048,146.5000000000048,139,274.50000000000477,15.709999999999969,2782.5300000000066,GT,provisional_assumed_short_to_long,0
16.60,109.99999999999893,162.00000000000318,52,154.00000000000639,143.00000000000318,145.00000000000318,139,273.00000000000318,15.719999999999979,2782.52,GT,provisional_assumed_short_to_long,0
16.61,106.00000000000568,162,51.000000000001421,148.00000000000853,141.00000000000284,145,147.99999999998721,270.00000000000426,15.729999999999986,2780.5100000000029,GT,provisional_assumed_short_to_long,0
16.62,102.00000000000142,162.99999999999966,51,146.00000000000071,138.00000000000108,149.99999999999824,142.00000000000213,264.00000000000216,15.734999999999999,2780.5050000000001,GT,provisional_assumed_short_to_long,0
16.63,98.999999999998934,160,51,142.99999999999892,134.99999999999892,148.99999999999858,143.00000000000037,257.99999999999784,15.74,2780.5,GT,provisional_assumed_short_to_long,0
16.64,95.999999999997158,160,51,139.99999999999574,131.99999999999716,145.00000000000142,143.99999999998579,251.99999999999432,15.740000000000014,2780.4900000000125,GT,provisional_assumed_short_to_long,0
16.65,94,160,51,136.99999999999574,129.99999999999787,146,133.99999999999787,248,15.75,2789.4999999999977,GT,provisional_assumed_short_to_long,0
16.66,94.000000000003197,160.00000000000318,51,134.99999999999682,129.00000000000318,146,133.00000000001597,248.00000000000639,15.75,2788.5,GT,provisional_assumed_short_to_long,0
16.67,94.999999999992895,160.99999999999289,51,134.00000000000711,129.99999999999289,146,137.99999999996447,249.99999999998579,15.75,2788.5,GT,provisional_assumed_short_to_long,0
16.68,95.999999999993605,160.00000000000639,51,134.99999999999361,130,146.99999999999361,137.00000000000639,250.99999999999361,15.750000000000025,2788.5,GT,provisional_assumed_short_to_long,0
16.69,93.000000000015987,160.99999999999466,51,135,130.99999999999466,146.00000000000534,137.99999999999466,248.00000000001597,15.755000000000031,2788.4949999999999,GT,provisional_assumed_short_to_long,0
16.70,92.000000000004619,156.00000000002308,51,135,130.0000000000046,145.0000000000046,142.99999999997692,243.00000000002308,15.76,2788.489999999993,GT,provisional_assumed_short_to_long,0
16.71,89.000000000010658,157.99999999999289,51.999999999996447,134.00000000000355,130,142.00000000001066,128.00000000005329,240.00000000001066,15.760000000000078,2787.4799999999923,GT,provisional_assumed_short_to_long,0
16.72,86.000000000008527,157.00000000000284,51.000000000002842,133.00000000000284,130,142,123.00000000001421,239.00000000000284,15.769999999999971,2786.4800000000027,GT,provisional_assumed_short_to_long,0
16.73,83.000000000005329,157,51,132.00000000000176,129.00000000000176,138.00000000000711,122.00000000000178,238.00000000000176,15.77,2783.4800000000055,GT,provisional_assumed_short_to_long,0
16.74,83,157,51.999999999999289,132,128.00000000000071,136.00000000000142,123.99999999999858,236.00000000000142,15.77,2782.4700000000007,GT,provisional_assumed_short_to_long,0
16.75,82,157,51,131,123,135,120,234,15.779999999999999,2783.4699999999998,GT,provisional_assumed_short_to_long,0
16.76,77.99999999998721,156.00000000000108,51,130.99999999999679,120.99999999999893,135.00000000000108,111.99999999999467,231.99999999999679,15.774999999999995,2782.4699999999989,GT,provisional_assumed_short_to_long,0
16.77,65.999999999998224,156.99999999999821,50.999999999998224,127.99999999998224,119.99999999999645,136.00000000000534,106.99999999999645,229,15.77,2781.469999999998,GT,provisional_assumed_short_to_long,0
16.78,64.999999999994316,155.99999999999716,50.000000000002842,117.99999999999147,117.99999999998295,138.99999999998295,104.99999999999432,228.99999999998579,15.770000000000028,2780.4699999999971,GT,provisional_assumed_short_to_long,0
16.79,63.000000000015632,155.00000000000782,50.999999999992184,115.00000000002345,112.0000000000469,133.0000000000469,103.00000000001563,224.00000000003908,15.779999999999999,2779.4699999999962,GT,provisional_assumed_short_to_long,0
16.80,57.000000000040501,151.000000000027,51,111.000000000027,112,130.00000000002024,101.0000000000135,223.00000000000676,15.779999999999999,2778.4699999999953,GT,provisional_assumed_short_to_long,0
16.81,48.000000000054357,146.00000000003018,50.00000000000604,109.00000000001208,111.00000000000604,130.99999999999397,96.000000000030198,222.00000000000603,15.779999999999999,2777.4699999999971,GT,provisional_assumed_short_to_long,0
16.82,48,144.00000000000995,50,108.00000000000497,110.00000000000497,134.9999999999801,96,222,15.779999999999999,2776.9649999999965,GT,provisional_assumed_short_to_long,0
16.83,48,144,50,106.00000000000782,109.00000000000391,129.00000000002345,95.000000000003908,222.99999999999608,15.779999999999999,2776.459999999985,GT,provisional_assumed_short_to_long,0
16.84,47.000000000003197,142.00000000000639,50,104.00000000000639,108.0000000000032,129,87.00000000002558,221.00000000000639,15.779999999999999,2774.4700000000062,GT,provisional_assumed_short_to_long,0
16.85,47.999999999997868,141.00000000000213,50,102.00000000000426,107.00000000000213,122.00000000001492,87.999999999997868,221.99999999999787,15.770000000000021,2757.4600000000364,GT,provisional_assumed_short_to_long,0
16.86,48,141.99999999999858,50,101.00000000000142,107,121.00000000000142,88.999999999998579,222.99999999999858,15.760000000000014,2758.4699999999984,GT,provisional_assumed_short_to_long,0
16.87,48,141.00000000000034,50,99.000000000000711,105.00000000000071,123.99999999999893,88.000000000000355,223,15.76,2757.4700000000003,GT,provisional_assumed_short_to_long,0
16.88,46.999999999999645,142,51,99,104.99999999999929,118.99999999999858,88.000000000001421,223,15.75,2756.4699999999998,GT,provisional_assumed_short_to_long,0
16.89,46,142.00000000000142,50.999999999998579,99,103.00000000000142,114.99999999999858,92,223.00000000000142,15.75,2755.974999999999,GT,provisional_assumed_short_to_long,0
16.90,46.000000000002132,143,50.000000000002132,99,104,114.00000000000213,91.999999999982947,223.99999999999787,15.75,2755.4799999999959,GT,provisional_assumed_short_to_long,0
16.91,47.000000000003197,143.00000000000318,50.999999999996803,99,104.0000000000032,115,84.000000000003197,223.00000000000639,15.749999999999968,2753.48,GT,provisional_assumed_short_to_long,0
16.92,47.999999999992895,143.99999999999289,50.000000000007105,99,104.99999999999289,115,84.999999999992895,224.99999999998579,15.74,2753.4899999999957,GT,provisional_assumed_short_to_long,0
16.93,47.000000000006395,144.99999999999361,50,99,105,115,86.99999999998721,225,15.73999999999995,2752.4899999999998,GT,provisional_assumed_short_to_long,0
16.94,47.999999999994671,145,50.999999999994671,99,104.00000000000533,113.00000000001066,91.999999999973355,225.99999999999466,15.730000000000061,2752.5000000000182,GT,provisional_assumed_short_to_long,0
16.95,48,145,50.000000000004619,101.99999999998614,104.99999999999538,114.99999999999076,93.999999999990763,226,15.74,2755.4999999999932,GT,provisional_assumed_short_to_long,0
16.96,48,145,50,103.99999999999289,105.99999999999645,115,95.999999999992895,226,15.74,2754.4999999999977,GT,provisional_assumed_short_to_long,0
16.97,48,145.99999999999716,50,108.99999999998579,111.99999999998295,115.99999999999716,99.999999999988631,226.99999999999716,15.74,2753.5000000000027,GT,provisional_assumed_short_to_long,0
16.98,48,147.99999999999645,50.999999999998224,115.99999999998757,114.99999999999467,123.99999999998579,102.99999999999467,227,15.730000000000018,2753.5,GT,provisional_assumed_short_to_long,0
16.99,55.999999999994316,149.99999999999858,51,120.99999999999645,120.99999999999574,129.99999999999574,105.99999999999787,227.99999999999929,15.73,2751.5000000000014,GT,provisional_assumed_short_to_long,0
17.00,56.5,150,50.5,124,122.5,127.5,106,227.5,15.73,2748.5100000000002,GT,provisional_assumed_short_to_long,0
17.01,57.000000000004263,150.00000000000108,50.000000000001066,127.00000000000639,124.00000000000639,125.00000000000959,105.99999999999893,227.00000000000321,15.73,2745.5000000000005,GT,provisional_assumed_short_to_long,0
17.02,61.000000000001776,151.00000000000088,51.000000000000888,133.00000000000355,130.00000000000355,133.99999999999824,105.00000000000088,230.00000000000443,15.73,2746.005000000001,GT,provisional_assumed_short_to_long,0
17.03,61.999999999997158,151.49999999999858,51.499999999998579,134.99999999999432,131.99999999999432,133.00000000000284,105.49999999999858,232.49999999999289,15.73,2746.5100000000116,GT,provisional_assumed_short_to_long,0
17.04,62.999999999992184,151.99999999999608,51.999999999996092,136.99999999998437,133.99999999998437,132.00000000000782,105.99999999999609,234.99999999998045,15.73,2750.5100000000002,GT,provisional_assumed_short_to_long,0
17.05,66.999999999972999,153.9999999999865,52,138.9999999999865,135.9999999999865,139.999999999946,102.000000000027,236.9999999999865,15.730000000000047,2750.4999999999864,GT,provisional_assumed_short_to_long,0
17.06,64.000000000018119,154,51.00000000000604,140.99999999998792,138.99999999998187,138.00000000001208,102.99999999999396,239.99999999998187,15.74,2747.5,GT,provisional_assumed_short_to_long,0
17.07,70.999999999965183,154,51.999999999995026,143.99999999998508,139.99999999999503,135.00000000001492,107.99999999997513,241.99999999999005,15.739999999999936,2747.5000000000064,GT,provisional_assumed_short_to_long,0
17.08,70.000000000003908,154.99999999999608,52,146.99999999998829,141.99999999999218,135,99.000000000035172,242.99999999999608,15.730000000000038,2748.4999999999886,GT,provisional_assumed_short_to_long,0
17.09,68.000000000006395,157.99999999999039,52,153.9999999999776,145.99999999998721,140.99999999998082,96.000000000009592,245.99999999999039,15.735000000000014,2746.9949999999963,GT,provisional_assumed_short_to_long,0
17.10,70.999999999993605,158,52,155.99999999999574,148.99999999999361,140.00000000000213,93.000000000006395,247.99999999999574,15.73999999999999,2745.490000000003,GT,provisional_assumed_short_to_long,0
17.11,73.999999999995737,158,52,157.99999999999716,150.99999999999716,140.99999999999858,90.000000000004263,248,15.74,2746.4899999999984,GT,provisional_assumed_short_to_long,0
17.12,85.999999999995737,158.99999999999966,52,159.99999999999929,151.99999999999966,141,91.999999999999289,248,15.749999999999996,2745.4900000000002,GT,provisional_assumed_short_to_long,0
17.13,81.000000000002132,159.00000000000108,52,163.00000000000037,153.00000000000037,141.99999999999821,93,252.00000000000108,15.74,2745.4899999999998,GT,provisional_assumed_short_to_long,0
17.14,87.000000000002842,161.99999999999858,52,164.00000000000284,154.00000000000142,137.00000000000568,92.999999999995737,255.00000000000284,15.740000000000085,2745.489999999998,GT,provisional_assumed_short_to_long,0
17.15,88.999999999997513,160.9999999999975,52,166,155.0000000000025,141,90.000000000012434,257.0000000000025,15.800000000000013,2744.3600000000001,GT,provisional_assumed_short_to_long,0
17.16,88.000000000006395,160.00000000000958,52,166,156.00000000000318,141,94.999999999993605,258.00000000000318,15.805000000000017,2744.355,GT,provisional_assumed_short_to_long,0
17.17,89.999999999985789,162.99999999997868,52,166,156.99999999999289,141,93.000000000014211,258.99999999999289,15.810000000000043,2744.350000000004,GT,provisional_assumed_short_to_long,0
17.18,88.00000000001279,163,52,165.00000000000639,157,140.00000000000639,92.000000000006395,257.00000000001279,15.82,2745.3400000000001,GT,provisional_assumed_short_to_long,0
17.19,85.000000000015987,163,52,165,156.00000000000534,140,92.999999999994671,258.99999999998931,15.82,2745.3299999999999,GT,provisional_assumed_short_to_long,0
17.20,84.000000000004619,162.0000000000046,51.000000000004619,163.00000000000924,156,138.00000000000924,94.999999999990763,255.00000000001847,15.820000000000068,2745.3199999999933,GT,provisional_assumed_short_to_long,0
17.21,82.000000000007105,161.00000000000355,51,160.00000000001066,156.99999999999645,129.00000000003197,95.999999999996447,251.00000000001421,15.829999999999922,2744.3099999999181,GT,provisional_assumed_short_to_long,0
17.22,82,161.99999999999716,51,158.00000000000568,156.00000000000284,137.99999999997442,95.000000000002842,250.00000000000284,15.819999999999972,2733.81499999997,GT,provisional_assumed_short_to_long,0
17.23,84.999999999994671,161.00000000000176,51,154.00000000000711,155.00000000000176,134.00000000000711,95,249.00000000000176,15.810000000000018,2723.3200000000188,GT,provisional_assumed_short_to_long,0
17.24,84.000000000000711,161,50.000000000000711,151.00000000000213,153.00000000000142,134.99999999999929,94.000000000000711,249.99999999999929,15.800000000000008,2721.3400000000015,GT,provisional_assumed_short_to_long,0
17.25,86,160,50,150,152,137,96,250,15.800000000000001,2722.3499999999999,GT,provisional_assumed_short_to_long,0
17.26,85.999999999993605,160,50.000000000001066,150,152.99999999999679,138.99999999999892,96,249,15.800000000000001,2720.3499999999999,GT,provisional_assumed_short_to_long,0
17.27,80.000000000003553,160.00000000000179,50.999999999998224,150,150,137.99999999999645,95.999999999996447,249,15.800000000000001,2720.3500000000035,GT,provisional_assumed_short_to_long,0
17.28,82.000000000002842,160.99999999999716,50.000000000002842,150,150,135.99999999997726,94.000000000005684,248.99999999999432,15.800000000000015,2722.3499999999985,GT,provisional_assumed_short_to_long,0
17.29,82.999999999992184,160.00000000000782,50.999999999992184,150,150,128.00000000006253,95.999999999984368,247.00000000001563,15.805000000000017,2721.8499999999981,GT,provisional_assumed_short_to_long,0
17.30,82.00000000000675,160,51,150,148.0000000000135,128.99999999999324,95.00000000000675,247,15.809999999999862,2721.3499999999494,GT,provisional_assumed_short_to_long,0
17.31,82,160.99999999999397,51,149.00000000000603,147.00000000000603,128.00000000000603,94.00000000000604,246.00000000000603,15.779999999999946,2710.400000000016,GT,provisional_assumed_short_to_long,0
17.32,84.999999999985079,161,51,148.00000000000497,147,128,94.999999999995026,246,15.770000000000064,2713.4199999999937,GT,provisional_assumed_short_to_long,0
17.33,81.000000000015632,161.99999999999608,51,148,147,128,95,246,15.779999999999999,2712.4200000000151,GT,provisional_assumed_short_to_long,0
17.34,77.00000000001279,160.00000000000639,51,147.00000000000318,145.00000000000639,127.0000000000032,94.000000000003197,242.00000000001279,15.779999999999999,2714.4199999999937,GT,provisional_assumed_short_to_long,0
17.35,77.999999999997868,161.99999999999574,51,146.00000000000213,143.00000000000426,127.99999999999787,92.000000000004263,243.99999999999574,15.779999999999999,2714.4200000000001,GT,provisional_assumed_short_to_long,0
17.36,69.00000000001279,160.00000000000284,51,145.00000000000142,141.00000000000284,127.00000000000142,92.999999999998579,243.00000000000142,15.775000000000006,2714.9199999999992,GT,provisional_assumed_short_to_long,0
17.37,67.000000000000711,160.99999999999966,51,145,138.00000000000108,127,92.000000000000355,241.00000000000071,15.770000000000001,2715.4200000000001,GT,provisional_assumed_short_to_long,0
17.38,66.000000000001421,159.99999999999963,51,142.99999999999963,135.99999999999929,126,93.999999999999645,240.99999999999929,15.779999999999999,2714.4200000000033,GT,provisional_assumed_short_to_long,0
17.39,70.000000000002842,159.00000000000142,51,141.99999999999716,133.99999999999858,126.00000000000142,93.000000000004263,238.99999999999716,15.779999999999999,2723.420000000006,GT,provisional_assumed_short_to_long,0
17.40,71.999999999997513,160,51,139.99999999999503,133,126.99999999999751,96,237.0000000000025,15.779999999999999,2727.4199999999978,GT,provisional_assumed_short_to_long,0
17.41,70.99999999997442,160,51,137.99999999999682,132.99999999999682,126,96.000000000003197,238,15.779999999999999,2726.4200000000051,GT,provisional_assumed_short_to_long,0
17.42,63.000000000056843,160,51,137.00000000000711,132.00000000000711,126,96.999999999992895,238,15.779999999999999,2727.9200000000064,GT,provisional_assumed_short_to_long,0
17.43,73.999999999929656,159.00000000000639,51,136.00000000000639,132,126.99999999999361,97,237.00000000000639,15.77999999999995,2729.4200000000101,GT,provisional_assumed_short_to_long,0
17.44,71.000000000015987,159.99999999999466,51,136,132,125.00000000001066,97.999999999994671,238.99999999998934,15.77000000000006,2731.4200000000424,GT,provisional_assumed_short_to_long,0
17.45,72.999999999990763,159.0000000000046,51,135.0000000000046,132.9999999999954,125.99999999999538,98.999999999995381,239,15.779999999999999,2738.429999999993,GT,provisional_assumed_short_to_long,0
17.46,73,158.00000000000355,51,135.99999999999645,132.00000000000355,125.00000000000355,100.99999999999289,238.00000000000355,15.779999999999999,2737.4300000000312,GT,provisional_assumed_short_to_long,0
17.47,73,157.50000000000142,50.500000000001421,136,132,125,101,238.49999999999858,15.779999999999999,2741.4299999999885,GT,provisional_assumed_short_to_long,0
17.48,73,157.00000000000088,50.000000000000888,136,132,125,101,238.99999999999912,15.779999999999999,2742.429999999998,GT,provisional_assumed_short_to_long,0
17.49,73,157.99999999999929,50.999999999999289,136,132,124.00000000000071,102.99999999999858,239,15.779999999999999,2744.4299999999985,GT,provisional_assumed_short_to_long,0
17.50,74,158,51,136,132,125,102,240,15.779999999999999,2745.9299999999998,GT,provisional_assumed_short_to_long,0
17.51,72.999999999998934,158.99999999999787,51,136,132,124.99999999999467,102,240,15.779999999999999,2747.4299999999957,GT,provisional_assumed_short_to_long,0
17.52,72,157.00000000000179,51,136,132,120.00000000000888,101.99999999999822,240,15.780000000000017,2743.4200000000124,GT,provisional_assumed_short_to_long,0
17.53,72.000000000005684,158.00000000000284,51,135.99999999999716,132,125.00000000000284,101.00000000000568,240,15.790000000000028,2750.4199999999942,GT,provisional_assumed_short_to_long,0
17.54,73.999999999984368,158.99999999999218,51,135.00000000000782,132,125.99999999999218,102.99999999998437,240,15.799999999999965,2748.4200000000142,GT,provisional_assumed_short_to_long,0
17.55,74,159,51,133.0000000000135,131.00000000000676,125.00000000000675,103,240,15.789999999999999,2752.4200000000001,GT,provisional_assumed_short_to_long,0
17.56,71.000000000018119,158.00000000000603,50.00000000000604,133,131,125,102.00000000000604,238.00000000001208,15.789999999999999,2752.4200000000001,GT,provisional_assumed_short_to_long,0
17.57,67.000000000019895,157.00000000000497,50.999999999995026,132.00000000000497,129.00000000000995,127.99999999998508,101.00000000000497,239.99999999999005,15.789999999999999,2752.4200000000001,GT,provisional_assumed_short_to_long,0
17.58,65.000000000007816,158.99999999999218,51,130.00000000000782,128.00000000000392,125.00000000001172,101,239.00000000000392,15.790000000000074,2752.4200000000224,GT,provisional_assumed_short_to_long,0
17.59,65,158.00000000000318,51,129.00000000000318,125.00000000000959,127.99999999999041,101.9999999999968,238.00000000000318,15.799999999999969,2755.4099999999903,GT,provisional_assumed_short_to_long,0
17.60,65,157.00000000000213,51,128.00000000000213,124.00000000000213,128,100.00000000000426,237.00000000000213,15.770000000000064,2735.4200000000428,GT,provisional_assumed_short_to_long,0
17.61,67.999999999995737,157,50.000000000001421,125.00000000000426,122.00000000000284,127.00000000000142,101.99999999999716,237.99999999999858,15.779999999999985,2733.4200000000028,GT,provisional_assumed_short_to_long,0
17.62,66.000000000000711,158.99999999999929,50.999999999999645,120.00000000000178,122,126.00000000000036,103.99999999999929,238,15.779999999999999,2734.4199999999996,GT,provisional_assumed_short_to_long,0
17.63,63,158,50.999999999999645,118.99999999999964,119.99999999999964,125.99999999999964,101.00000000000036,237,15.779999999999999,2734.4200000000001,GT,provisional_assumed_short_to_long,0
17.64,63.000000000001421,157.99999999999858,50.000000000001421,117.99999999999716,118.99999999999005,124.99999999999858,101.99999999999432,237,15.779999999999999,2734.419999999996,GT,provisional_assumed_short_to_long,0
17.65,63.999999999985079,157.0000000000025,51,115.99999999999503,111.99999999999751,123.99999999999751,97.999999999995026,237,15.779999999999999,2731.4200000000073,GT,provisional_assumed_short_to_long,0
17.66,57.999999999993605,158,51,113.99999999998721,111.0000000000032,123.0000000000032,96.00000000001279,237,15.779999999999999,2734.4200000000033,GT,provisional_assumed_short_to_long,0
17.67,56.000000000014211,158,51,110.00000000002842,111.99999999999289,123.99999999999289,99.999999999971578,237,15.779999999999999,2735.4200000000255,GT,provisional_assumed_short_to_long,0
17.68,56,155.00000000001918,51,110,110.00000000001279,123.00000000000639,98.00000000001279,236.00000000000639,15.779999999999999,2741.4199999999951,GT,provisional_assumed_short_to_long,0
17.69,48.000000000042633,155.99999999999466,51,109.00000000000533,110,121.00000000001066,98.999999999994671,236,15.779999999999999,2740.4300000000057,GT,provisional_assumed_short_to_long,0
17.70,48,156,50.000000000004619,109,110,121,99.999999999995381,235.0000000000046,15.779999999999999,2741.4300000000067,GT,provisional_assumed_short_to_long,0
17.71,48.999999999996447,156,50.999999999996447,108.00000000000355,110,121,100,236.99999999999289,15.779999999999999,2742.4300000000076,GT,provisional_assumed_short_to_long,0
17.72,49,156.99999999999716,51,107.00000000000284,110,120.00000000000284,98.000000000005684,236.00000000000284,15.779999999999999,2743.4199999999973,GT,provisional_assumed_short_to_long,0
17.73,49,156.00000000000176,51,107.99999999999822,110,119.00000000000178,98,236,15.779999999999999,2746.4299999999944,GT,provisional_assumed_short_to_long,0
17.74,49,156,51,107.00000000000071,109.00000000000071,119,99.999999999998579,236,15.789999999999992,2750.4299999999971,GT,provisional_assumed_short_to_long,0
17.75,49,156,51,107,109,120,99,236,15.779999999999999,2752.4400000000001,GT,provisional_assumed_short_to_long,0
17.76,49,156,50.999999999998934,107,109,119.00000000000213,99.000000000002132,236,15.779999999999999,2752.4400000000001,GT,provisional_assumed_short_to_long,0
17.77,49,156,50.000000000001776,107,109.00000000000178,121.00000000000178,100.99999999999822,236,15.780000000000017,2752.4400000000019,GT,provisional_assumed_short_to_long,0
17.78,49,156,51,107.00000000000284,109.99999999999716,122,100.00000000000284,236,15.789999999999999,2753.4399999999973,GT,provisional_assumed_short_to_long,0
17.79,49,156,51,107.99999999999218,109.00000000000782,122,100.99999999999218,236,15.789999999999999,2752.4400000000037,GT,provisional_assumed_short_to_long,0
17.80,49,156.99999999999324,50.00000000000675,108,109.99999999999325,121.00000000000675,100.00000000000675,236,15.789999999999953,2753.4400000000046,GT,provisional_assumed_short_to_long,0
17.81,49,157,50.99999999999396,108,110,121.99999999999396,101.99999999998792,237.99999999998792,15.779999999999999,2754.4400000000001,GT,provisional_assumed_short_to_long,0
17.82,48.000000000004974,157.99999999999503,51,108,109.00000000000497,121.00000000000497,102,238,15.780000000000031,2754.4399999999969,GT,provisional_assumed_short_to_long,0
17.83,48.999999999996092,158,51,108.99999999999609,109.99999999999609,121.99999999999609,102.99999999999609,237.00000000000392,15.785000000000007,2753.9399999999991,GT,provisional_assumed_short_to_long,0
17.84,49,158,51,108.0000000000032,110,122.9999999999968,101.00000000000639,237.99999999999682,15.789999999999983,2753.4400000000019,GT,provisional_assumed_short_to_long,0
17.85,54.99999999998721,157.00000000000213,51,108,110,122.00000000000213,100.00000000000213,237.00000000000213,15.780000000000021,2754.4499999999975,GT,provisional_assumed_short_to_long,0
17.86,55.499999999999289,157.49999999999929,51,108,109.50000000000071,121.50000000000071,100.99999999999858,237.49999999999929,15.779999999999999,2755.4499999999985,GT,provisional_assumed_short_to_long,0
17.87,55.999999999999822,157.99999999999983,51,108,109.00000000000017,121.00000000000017,101.99999999999964,237.99999999999983,15.779999999999999,2754.4500000000003,GT,provisional_assumed_short_to_long,0
17.88,54.000000000001066,160,51,108,109,121.00000000000036,104,238,15.780000000000006,2756.4499999999994,GT,provisional_assumed_short_to_long,0
17.89,56.999999999999289,160,51,108,109,122,103.99999999999858,238.00000000000142,15.800000000000029,2754.8999999999978,GT,provisional_assumed_short_to_long,0
17.90,56.499999999998757,160,51,108,109,122,102.99999999999751,239.0000000000025,15.82000000000005,2753.3500000000072,GT,provisional_assumed_short_to_long,0
17.91,56,160,51,107.9999999999968,109.0000000000032,121.9999999999968,102.0000000000032,240,15.84,2756.3099999999999,GT,provisional_assumed_short_to_long,0
17.92,56,160,51,107.00000000000711,109.99999999999289,121.00000000000711,102.99999999999289,240,15.84,2756.3000000000002,GT,provisional_assumed_short_to_long,0
17.93,57.99999999998721,160,51,107,110,121,105.99999999998082,239.00000000000639,15.84,2756.29,GT,provisional_assumed_short_to_long,0
17.94,58.999999999994671,160,50.000000000005329,107,110,119.00000000001066,102.00000000002132,239.99999999999466,15.84,2756.2899999999454,GT,provisional_assumed_short_to_long,0
17.95,60.999999999990763,160,50.999999999995381,107,110,120.99999999999076,104.99999999998614,239.0000000000046,15.84,2747.2799999999734,GT,provisional_assumed_short_to_long,0
17.96,61,160,51,107,110,120.00000000000355,104.00000000000355,239.99999999999645,15.84,2743.2799999999916,GT,provisional_assumed_short_to_long,0
17.97,61,160.99999999999716,50.000000000002842,107.99999999999716,110,120.99999999999716,101.00000000000853,240,15.84,2739.2800000000116,GT,provisional_assumed_short_to_long,0
17.98,63.999999999994671,161,50.999999999998224,108,110,121,105.99999999999112,240,15.820000000000036,2733.3100000000104,GT,provisional_assumed_short_to_long,0
17.99,61.000000000002132,160.00000000000071,51,108,109.00000000000071,121.99999999999929,106,240,15.810000000000008,2736.3299999999977,GT,provisional_assumed_short_to_long,0
18.00,63,161,52,109,109,124,106,241,15.82,2736.3299999999999,GT,provisional_assumed_short_to_long,0
18.01,64,159.99999999999892,50.999999999998934,108.99999999999893,108.99999999999893,123,108,240.00000000000108,15.82,2735.3400000000001,GT,provisional_assumed_short_to_long,0
18.02,64.000000000005329,158.99999999999821,50.000000000001776,108,108.00000000000178,122.99999999999645,107.99999999999645,241,15.819999999999983,2735.3399999999888,GT,provisional_assumed_short_to_long,0
18.03,66.999999999997158,158.00000000000284,51,108,108.99999999999432,121,106,241.00000000000284,15.809999999999972,2728.8499999999817,GT,provisional_assumed_short_to_long,0
18.04,66.000000000007816,158.99999999999218,51,108,107.00000000001563,121,106,241.99999999999218,15.800000000000001,2722.3600000000038,GT,provisional_assumed_short_to_long,0
18.05,69.999999999972999,159.99999999999324,50.00000000000675,108.99999999999325,107.99999999999325,122.9999999999865,106.99999999999325,242,15.799999999999955,2723.3800000000001,GT,provisional_assumed_short_to_long,0
18.06,70.99999999999396,160,50.99999999999396,109,107.00000000000604,122.00000000000604,107,242,15.789999999999999,2723.3900000000053,GT,provisional_assumed_short_to_long,0
18.07,71,158.00000000000995,51,109.99999999999503,107.99999999999503,122.99999999999503,107,242.99999999999503,15.789999999999999,2724.4000000000001,GT,provisional_assumed_short_to_long,0
18.08,71.999999999996092,157.00000000000392,51,109.00000000000391,107.00000000000391,122.00000000000391,107,243,15.789999999999925,2724.4100000000149,GT,provisional_assumed_short_to_long,0
18.09,71.000000000003197,157,51,108.0000000000032,107,122.9999999999968,107,243.99999999999682,15.780000000000031,2726.4099999999935,GT,provisional_assumed_short_to_long,0
18.10,71,157,51,108,107.99999999999787,123,107.99999999999787,243.00000000000213,15.779999999999999,2725.9150000000009,GT,provisional_assumed_short_to_long,0
18.11,71.999999999998579,157,51,108,108.99999999999858,123,112.99999999999289,243,15.779999999999999,2725.420000000001,GT,provisional_assumed_short_to_long,0
18.12,72.999999999999645,157.99999999999966,51,108,108.00000000000036,123.99999999999964,113,243.99999999999966,15.779999999999999,2733.4199999999973,GT,provisional_assumed_short_to_long,0
18.13,74.000000000000355,158,50.000000000000355,108.00000000000036,108,124.99999999999929,112.00000000000142,243.00000000000037,15.780000000000003,2737.4199999999996,GT,provisional_assumed_short_to_long,0
18.14,74.999999999997158,158,51,109,107.99999999999858,123,116,244.00000000000142,15.789999999999985,2736.4200000000028,GT,provisional_assumed_short_to_long,0
18.15,72.999999999997513,158,51,109,107,123,116.00000000000746,244.99999999999503,15.779999999999999,2738.4200000000014,GT,provisional_assumed_short_to_long,0
18.16,72.00000000001279,158,51,109,107.0000000000032,122.9999999999968,119,243,15.779999999999999,2738.9250000000015,GT,provisional_assumed_short_to_long,0
18.17,75.999999999971578,158,51,109,107.99999999999289,122.00000000000711,119,243,15.779999999999999,2739.4300000000039,GT,provisional_assumed_short_to_long,0
18.18,76.999999999993605,158.99999999999361,50.000000000006395,109,107.00000000000639,121.00000000000639,116.00000000001918,243,15.779999999999999,2740.4299999999998,GT,provisional_assumed_short_to_long,0
18.19,76.000000000005329,158.00000000000534,50.999999999994671,109,107,121,117.99999999998934,243.99999999999466,15.779999999999999,2740.4200000000424,GT,provisional_assumed_short_to_long,0
18.20,76,158,51,108.00000000000462,107,121,118.99999999999538,244,15.779999999999999,2747.4300000000271,GT,provisional_assumed_short_to_long,0
18.21,75.000000000003553,158,50.000000000003553,108,106.00000000000355,121.99999999999645,119,244,15.779999999999999,2751.4400000000078,GT,provisional_assumed_short_to_long,0
18.22,75.999999999997158,158,50.999999999997158,108.99999999999716,106,122,115.00000000001137,244.99999999999716,15.779999999999999,2752.4399999999973,GT,provisional_assumed_short_to_long,0
18.23,77.999999999996447,158,50.000000000001776,109,107.99999999999645,122,115,244.00000000000176,15.779999999999999,2752.9399999999991,GT,provisional_assumed_short_to_long,0
18.24,78,158,50.499999999999645,109,107.00000000000071,122,115,244,15.779999999999999,2753.4399999999996,GT,provisional_assumed_short_to_long,0
18.25,78,158,51,109,106,122,115,244,15.779999999999999,2753.4400000000001,GT,provisional_assumed_short_to_long,0
18.26,75.000000000001066,159,51,108.99999999999946,106.00000000000054,121.00000000000054,115.00000000000267,244,15.779999999999989,2753.439999999996,GT,provisional_assumed_short_to_long,0
18.27,76.000000000001776,159,51,108.49999999999912,106.50000000000088,121.50000000000088,117.50000000000443,244,15.77,2749.4400000000091,GT,provisional_assumed_short_to_long,0
18.28,77.000000000008527,158.99999999999716,51,108,107,122,119.99999999999716,244,15.77,2754.4499999999998,GT,provisional_assumed_short_to_long,0
18.29,79.999999999976552,158.00000000000782,51,108,107,122,119.00000000000782,244,15.77,2754.4500000000071,GT,provisional_assumed_short_to_long,0
18.30,76.000000000027001,158.99999999999324,50.00000000000675,108,109.99999999997975,122.99999999999325,116.00000000002025,242.0000000000135,15.77,2756.455000000009,GT,provisional_assumed_short_to_long,0
18.31,73.000000000018119,160.99999999998792,50.99999999999396,108,109.00000000000604,122.00000000000604,114.00000000001208,243.99999999998792,15.77,2758.4600000000055,GT,provisional_assumed_short_to_long,0
18.32,76.999999999980105,159.00000000000995,51,108.99999999999503,109,122.99999999999503,114.99999999999503,243.00000000000497,15.769999999999936,2759.46,GT,provisional_assumed_short_to_long,0
18.33,79.999999999988276,161.99999999998829,51,109,109,122.00000000000391,114.00000000000391,243,15.759999999999851,2759.4699999998579,GT,provisional_assumed_short_to_long,0
18.34,76.00000000001279,162,51,109,107.00000000000639,122.9999999999968,113.0000000000032,242.00000000000318,15.740000000000064,2740.4700000000607,GT,provisional_assumed_short_to_long,0
18.35,78.999999999993605,161.00000000000213,51,109,107.99999999999787,122.00000000000213,115.99999999999361,242,15.74,2740.4699999999998,GT,provisional_assumed_short_to_long,0
18.36,77.000000000002842,161,51,109,106.00000000000284,122.99999999999858,115.00000000000142,242.99999999999858,15.74,2741.4749999999985,GT,provisional_assumed_short_to_long,0
18.37,77.999999999999645,161,51,109.99999999999964,106,122.00000000000036,117.99999999999893,243,15.74,2742.4799999999996,GT,provisional_assumed_short_to_long,0
18.38,77.000000000000711,161.00000000000037,50.000000000000355,109.00000000000071,107.00000000000071,123.00000000000071,113.99999999999929,242.99999999999963,15.73,2740.48,GT,provisional_assumed_short_to_long,0
18.39,79,162,51,111,108.99999999999716,124.99999999999858,112.00000000000426,242.00000000000142,15.73,2740.4899999999998,GT,provisional_assumed_short_to_long,0
18.40,79,162.0000000000025,51,110.99999999999751,107,123.99999999999503,114.99999999999254,242.9999999999975,15.729999999999976,2740.4899999999925,GT,provisional_assumed_short_to_long,0
18.41,79,163,51,110.0000000000032,107,122.0000000000032,111.99999999999361,242,15.720000000000033,2737.5000000000286,GT,provisional_assumed_short_to_long,0
18.42,79,163,51,110.99999999999289,107,122.99999999999289,110.00000000001421,242,15.73,2746.5,GT,provisional_assumed_short_to_long,0
18.43,77.00000000001279,162.00000000000639,51,111,107,123.99999999999361,112.99999999998082,242,15.73,2746.5000000000023,GT,provisional_assumed_short_to_long,0
18.44,77.999999999994671,162,51,111,107.99999999999467,123.00000000000533,112.00000000000533,243.99999999998934,15.73,2747.0000000000032,GT,provisional_assumed_short_to_long,0
18.45,77.000000000004619,162.9999999999954,51,111,106.00000000000924,123.99999999999538,116.99999999997691,244,15.73,2747.5000000000068,GT,provisional_assumed_short_to_long,0
18.46,79.999999999989342,162.00000000000355,50.000000000003553,110.00000000000355,106.99999999999645,124,115.00000000000711,244,15.73,2748.4999999999923,GT,provisional_assumed_short_to_long,0
18.47,77.000000000008527,162.99999999999716,50.999999999997158,110,107,124,115.99999999999716,244,15.73,2747.5000000000027,GT,provisional_assumed_short_to_long,0
18.48,76.000000000001776,163,51,110,105.00000000000355,124,115.00000000000178,244,15.73,2747.5,GT,provisional_assumed_short_to_long,0
18.49,82.999999999995026,162.00000000000071,51,110.99999999999929,105.99999999999929,124,114.00000000000071,244,15.73,2751.5099999999975,GT,provisional_assumed_short_to_long,0
18.50,81,162,50,111,105,124,118,244,15.73,2753.5100000000002,GT,provisional_assumed_short_to_long,0
18.51,81,162,51,111,106,123.00000000000107,117.00000000000213,244.00000000000108,15.73,2755.5100000000011,GT,provisional_assumed_short_to_long,0
18.52,81.000000000001776,162,51,111.00000000000178,105.99999999999822,123.99999999999822,118.99999999999289,245.00000000000179,15.73,2756.510000000002,GT,provisional_assumed_short_to_long,0
18.53,81.999999999997158,162,51,112,105,123,115.00000000001137,246,15.73,2757.52,GT,provisional_assumed_short_to_long,0
18.54,81.000000000007816,162,51,112,105,123,118.99999999996874,246,15.73,2757.5200000000036,GT,provisional_assumed_short_to_long,0
18.55,80.00000000000675,162,51,112,105.99999999999325,123.99999999999325,119,246,15.73,2758.5200000000045,GT,provisional_assumed_short_to_long,0
18.56,78.000000000012079,162.99999999999397,51,112.99999999999396,107.99999999998792,124,119,246.99999999999397,15.73,2759.52,GT,provisional_assumed_short_to_long,0
18.57,80.999999999985079,161.00000000000995,51,113,106.00000000000995,124,119.99999999999503,247.99999999999503,15.73,2759.5149999999999,GT,provisional_assumed_short_to_long,0
18.58,79.000000000007816,162.99999999999218,51,113,105.00000000000391,123.00000000000391,120.99999999999609,248.99999999999608,15.73,2759.5100000000002,GT,provisional_assumed_short_to_long,0
18.59,79,163,51,113,105,123,121,248.50000000000159,15.73,2759.52,GT,provisional_assumed_short_to_long,0
18.60,79,163,51,113,105,123,121,248.00000000000108,15.73,2760.5199999999977,GT,provisional_assumed_short_to_long,0
18.61,81.999999999995737,163.99999999999858,51,113.99999999999858,105,123,121,248.99999999999858,15.73,2760.52,GT,provisional_assumed_short_to_long,0
18.62,81.000000000000355,164,51,114.99999999999964,105.99999999999964,123.99999999999964,119.00000000000071,249.99999999999966,15.73,2760.52,GT,provisional_assumed_short_to_long,0
18.63,81.999999999999645,165.99999999999963,50.000000000000355,115,107,123.00000000000036,116.00000000000071,249,15.730000000000006,2762.5199999999995,GT,provisional_assumed_short_to_long,0
18.64,80.999999999998579,165.00000000000142,51,115,107,123.99999999999858,118.00000000000426,249.00000000000142,15.745000000000022,2760.9749999999976,GT,provisional_assumed_short_to_long,0
18.65,80.000000000004974,165.9999999999975,51,115.00000000000249,107,123,121.00000000000497,250.0000000000025,15.76000000000005,2759.4300000000071,GT,provisional_assumed_short_to_long,0
18.66,81.999999999996803,165.00000000000318,51,116,107,123.00000000000959,122.99999999999361,251,15.779999999999999,2762.4000000000033,GT,provisional_assumed_short_to_long,0
18.67,81.000000000007105,165.99999999999289,51,116,107,125.99999999997868,121.00000000001421,251,15.780000000000042,2763.4000000000001,GT,provisional_assumed_short_to_long,0
18.68,80.000000000006395,165.00000000000639,50.000000000006395,116,107.99999999999361,126,121,251,15.789999999999999,2763.3800000000051,GT,provisional_assumed_short_to_long,0
18.69,79.000000000005329,165.99999999999466,50.999999999994671,116,108,126.99999999999467,121.99999999999467,251,15.790000000000029,2764.3699999999967,GT,provisional_assumed_short_to_long,0
18.70,79,165.0000000000046,51,116,107.00000000000462,126.00000000000462,122.99999999999538,252.99999999999076,15.795000000000034,2763.8649999999966,GT,provisional_assumed_short_to_long,0
18.71,85.999999999975131,166.99999999999289,50.000000000003553,116,108.99999999999289,127.99999999999289,121.00000000000711,252.00000000000355,15.800000000000001,2763.3600000000079,GT,provisional_assumed_short_to_long,0
18.72,78.000000000022737,167,50.999999999997158,116,107.00000000000568,127.00000000000284,121.99999999999716,252.99999999999716,15.800000000000001,2764.3599999999974,GT,provisional_assumed_short_to_long,0
18.73,78,166.00000000000176,51,116,108.99999999999645,128.99999999999645,122,252.00000000000176,15.800000000000001,2762.3500000000035,GT,provisional_assumed_short_to_long,0
18.74,83.999999999995737,166,50.000000000000711,116,109,128.00000000000071,125.99999999999716,251.00000000000071,15.780000000000014,2746.3600000000115,GT,provisional_assumed_short_to_long,0
18.75,80,167,51,116,109,128,126,252,15.77,2743.3899999999999,GT,provisional_assumed_short_to_long,0
18.76,85.999999999996803,166,50.000000000001066,116,109,127.99999999999893,124,252,15.77,2743.3900000000008,GT,provisional_assumed_short_to_long,0
18.77,83.000000000003553,166,51,116,108.99999999999822,127.00000000000178,124.00000000000178,251.99999999999821,15.77,2744.3900000000017,GT,provisional_assumed_short_to_long,0
18.78,84.999999999997158,166,50.999999999997158,116,108.00000000000284,127.99999999999716,124.99999999999716,251.00000000000284,15.77,2745.3899999999999,GT,provisional_assumed_short_to_long,0
18.79,84.000000000007816,166,50.000000000007816,116,108.99999999999218,127.00000000000782,124.00000000000782,251.99999999999218,15.770000000000035,2745.399999999986,GT,provisional_assumed_short_to_long,0
18.80,80.000000000027001,166,50.99999999999325,116,107.0000000000135,128.9999999999865,125.9999999999865,252,15.779999999999999,2741.4000000000001,GT,provisional_assumed_short_to_long,0
18.81,79.00000000000604,166.99999999999397,51,116,107.99999999999396,128.00000000000603,126.99999999999396,251.00000000000603,15.779999999999999,2741.3899999999999,GT,provisional_assumed_short_to_long,0
18.82,79,166.00000000000497,51,116,108,128,124.00000000001492,251,15.779999999999935,2741.389999999968,GT,provisional_assumed_short_to_long,0
18.83,77.000000000007816,166.99999999999608,51,116,108,128,125.99999999999218,252.99999999999218,15.769999999999982,2736.4149999999913,GT,provisional_assumed_short_to_long,0
18.84,77.999999999996803,167,51,115.0000000000032,108.9999999999968,128,126,252.00000000000318,15.760000000000032,2731.440000000016,GT,provisional_assumed_short_to_long,0
18.85,78,166.00000000000213,51,115,108.00000000000213,128,124.00000000000426,252,15.76,2731.4400000000001,GT,provisional_assumed_short_to_long,0
18.86,77.000000000001421,166.99999999999858,51,115.99999999999858,108,127.00000000000142,123.00000000000142,252,15.76,2730.4500000000012,GT,provisional_assumed_short_to_long,0
18.87,77.999999999999645,167,50.000000000000355,116,108.99999999999964,127.99999999999964,123,252.99999999999966,15.750000000000004,2732.4599999999991,GT,provisional_assumed_short_to_long,0
18.88,77.000000000002487,166.00000000000037,51,116,109,128.00000000000037,124.99999999999893,253.00000000000037,15.75,2731.4600000000009,GT,provisional_assumed_short_to_long,0
18.89,83.999999999997158,167,51,116,109,129,122.00000000000284,254,15.75,2733.4699999999998,GT,provisional_assumed_short_to_long,0
18.90,82.000000000009948,166.9999999999975,51,116,108.99999999999751,128.9999999999975,123.99999999999254,254,15.75,2733.4699999999998,GT,provisional_assumed_short_to_long,0
18.91,85.999999999990408,165.99999999999042,50.999999999996803,116,107.9999999999968,128,121,253.99999999999682,15.75,2733.4699999999966,GT,provisional_assumed_short_to_long,0
18.92,83.000000000021316,163.00000000002132,50.000000000007105,116,107.00000000000711,128,121,253.00000000000711,15.75,2732.4700000000553,GT,provisional_assumed_short_to_long,0
18.93,80.000000000019185,165.99999999998082,50.999999999993605,116,107.99999999999361,127.00000000000639,118.00000000001918,253.99999999999361,15.75,2745.4699999999898,GT,provisional_assumed_short_to_long,0
18.94,82.999999999984013,165.00000000000534,51,116,108.99999999999467,127,123.99999999996803,254.99999999999466,15.75,2743.4700000000057,GT,provisional_assumed_short_to_long,0
18.95,85.999999999986144,165.9999999999954,50.000000000004619,116,108.00000000000462,127.99999999999538,119.00000000002309,254.0000000000046,15.75,2744.4700000000066,GT,provisional_assumed_short_to_long,0
18.96,86.999999999996447,166,50.999999999996447,116,109.99999999999289,128,119.99999999999645,254,15.75,2745.4700000000021,GT,provisional_assumed_short_to_long,0
18.97,85.000000000005684,166.49999999999858,50.500000000001421,116,109.50000000000142,128.49999999999858,121.49999999999574,254.49999999999858,15.75,2746.4699999999971,GT,provisional_assumed_short_to_long,0
18.98,83.000000000003553,166.99999999999912,50.000000000000888,116,109.00000000000088,128.99999999999912,122.99999999999733,254.99999999999912,15.759999999999982,2746.4699999999998,GT,provisional_assumed_short_to_long,0
18.99,87.999999999996447,167,50.999999999999289,116.99999999999929,109.99999999999929,129.99999999999929,122.00000000000071,255,15.750000000000007,2745.4800000000009,GT,provisional_assumed_short_to_long,0
19.00,82,167,51,116,109,129,120,254,15.76,2746.4699999999998,GT,provisional_assumed_short_to_long,0
19.01,84.000000000001066,166.99999999999892,51,116,108.99999999999893,129.00000000000108,122,253,15.76,2750.4700000000062,GT,provisional_assumed_short_to_long,0
19.02,84.999999999998224,166,51,116,107.99999999999822,129.99999999999821,122.00000000000178,252.99999999999821,15.76,2756.4800000000018,GT,provisional_assumed_short_to_long,0
19.03,83.999999999997158,166,50.999999999997158,116,107.00000000000284,129,123,251.99999999999716,15.76,2757.48,GT,provisional_assumed_short_to_long,0
19.04,83.000000000007816,166,50.000000000007816,116,107.99999999999218,129,123,251.00000000000782,15.76,2757.48,GT,provisional_assumed_short_to_long,0
19.05,83.99999999999325,167.9999999999865,50.99999999999325,116,108.99999999999325,129,122.00000000000675,252.9999999999865,15.76,2757.4800000000091,GT,provisional_assumed_short_to_long,0
19.06,83.00000000000604,166.00000000001208,51,116,109,128.00000000000603,123.99999999998792,252.00000000000603,15.76,2759.48,GT,provisional_assumed_short_to_long,0
19.07,84.999999999990052,166,51,116,109,128.99999999999503,118.00000000002984,252,15.76,2759.4799999999937,GT,provisional_assumed_short_to_long,0
19.08,84.000000000003908,166,51,116,109,129,118,252,15.76,2758.4799999999923,GT,provisional_assumed_short_to_long,0
19.09,84,166,51,116,108.0000000000032,129,117.0000000000032,252.99999999999682,15.76,2757.470000000003,GT,provisional_assumed_short_to_long,0
19.10,84,166,51,116.99999999999787,108.99999999999787,129,117,253.99999999999787,15.76499999999999,2759.9699999999943,GT,provisional_assumed_short_to_long,0
19.11,84,165.00000000000142,51,117,108.00000000000142,128.00000000000142,117,254.99999999999858,15.769999999999992,2762.4699999999962,GT,provisional_assumed_short_to_long,0
19.12,84,166.99999999999929,50.000000000000355,117,108,128.99999999999966,117.99999999999964,255,15.77,2763.4699999999993,GT,provisional_assumed_short_to_long,0
19.13,84,166.99999999999963,51,117,108,129.99999999999963,117.00000000000036,256,15.769999999999996,2763.4700000000003,GT,provisional_assumed_short_to_long,0
19.14,84,166.00000000000142,51,117,108,129,118.00000000000142,256,15.76,2764.48,GT,provisional_assumed_short_to_long,0
19.15,84.000000000004974,166.99999999999503,51,117,108.00000000000249,129,119,256,15.760000000000025,2764.48,GT,provisional_assumed_short_to_long,0
19.16,86.000000000006395,165.00000000000318,50.999999999996803,117.0000000000032,108.9999999999968,129,118.99999999999041,256,15.77,2764.469999999998,GT,provisional_assumed_short_to_long,0
19.17,87.999999999985789,165.99999999999289,50.000000000007105,117.99999999999289,108.00000000000711,129,116.00000000002132,256,15.77,2763.9699999999975,GT,provisional_assumed_short_to_long,0
19.18,88,166,50.999999999993605,118,108,128.00000000000639,118.99999999998082,256,15.76999999999995,2763.4699999999202,GT,provisional_assumed_short_to_long,0
19.19,84.000000000021316,166,51,118,108,128.99999999999466,118.00000000000533,256.99999999999466,15.76,2747.4699999999939,GT,provisional_assumed_short_to_long,0
19.20,86.999999999986144,166,51,118.99999999999538,108,129,121.99999999998153,257.9999999999954,15.76,2746.4699999999998,GT,provisional_assumed_short_to_long,0
19.21,86.000000000003553,165.00000000000355,51,119,108,129,121.00000000000355,258,15.759999999999922,2746.4699999999843,GT,provisional_assumed_short_to_long,0
19.22,86.999999999997158,165.99999999999716,51,119,109.99999999999432,128.00000000000284,122.99999999999432,258,15.750000000000028,2744.4800000000055,GT,provisional_assumed_short_to_long,0
19.23,90.999999999992895,166.99999999999824,51,119,110.99999999999822,128,123,258.99999999999824,15.754999999999992,2744.974999999999,GT,provisional_assumed_short_to_long,0
19.24,90.000000000000711,167,51,119,111,128,121.00000000000142,259.99999999999932,15.759999999999996,2745.4699999999993,GT,provisional_assumed_short_to_long,0
19.25,86,166,50,119,110,129,124,260,15.76,2743.4699999999998,GT,provisional_assumed_short_to_long,0
19.26,84.000000000007461,166.99999999999892,51,119,111,127.00000000000107,123.00000000000213,260.00000000000108,15.76,2744.4699999999998,GT,provisional_assumed_short_to_long,0
19.27,91,166.00000000000179,50.999999999998224,119.00000000000178,111.00000000000178,128.00000000000179,125,261,15.76,2744.4700000000053,GT,provisional_assumed_short_to_long,0
19.28,90.999999999980105,166.99999999999716,50.000000000002842,120,112.00000000000284,129,124.99999999999716,260.99999999999716,15.760000000000028,2747.4700000000057,GT,provisional_assumed_short_to_long,0
19.29,84.000000000054712,166.00000000000782,50.999999999992184,120,112.99999999999218,129,124.00000000000782,260.00000000000784,15.77,2749.4699999999998,GT,provisional_assumed_short_to_long,0
19.30,84,166.99999999999324,50.00000000000675,120,112.00000000000675,129,122.0000000000135,260,15.77,2749.4699999999998,GT,provisional_assumed_short_to_long,0
19.31,87.499999999978854,167,50.49999999999698,119.50000000000301,112.49999999999699,129,122.49999999999699,260,15.77,2749.4700000000053,GT,provisional_assumed_short_to_long,0
19.32,90.999999999982592,167,50.999999999997513,119.00000000000249,112.99999999999751,129,122.99999999999751,260,15.77,2750.4699999999934,GT,provisional_assumed_short_to_long,0
19.33,91,167,50.000000000003908,119.99999999999609,113.99999999999609,129,120.00000000001172,261.99999999999216,15.77,2749.46,GT,provisional_assumed_short_to_long,0
19.34,90.000000000003197,167,50.499999999998401,120.49999999999841,114.49999999999841,129,120.49999999999841,262,15.77,2749.46,GT,provisional_assumed_short_to_long,0
19.35,89.000000000002132,167,50.999999999998934,120.99999999999893,114.99999999999893,129,120.99999999999893,262,15.77,2749.46,GT,provisional_assumed_short_to_long,0
19.36,86.000000000004263,167,51,121,114.00000000000142,129,116.00000000000711,260.00000000000284,15.779999999999985,2753.4599999999946,GT,provisional_assumed_short_to_long,0
19.37,89.999999999998579,167.99999999999966,50.000000000000355,120.00000000000036,114.99999999999964,129,116.99999999999964,260,15.779999999999999,2758.469999999998,GT,provisional_assumed_short_to_long,0
19.38,90.000000000001066,168,50.999999999999645,120.00000000000036,114.00000000000036,128.99999999999963,118.00000000000036,261.99999999999926,15.779999999999999,2758.9699999999998,GT,provisional_assumed_short_to_long,0
19.39,93,167.99999999999858,50.000000000001421,121,115,128.00000000000284,119.00000000000284,260.00000000000284,15.779999999999999,2759.4699999999998,GT,provisional_assumed_short_to_long,0
19.40,93.000000000004974,167,51,121.00000000000249,115.00000000000249,129.99999999999503,121,262,15.779999999999999,2759.4699999999998,GT,provisional_assumed_short_to_long,0
19.41,95.000000000009592,167.00000000000318,50.999999999996803,122,115.9999999999968,128.00000000000958,120.9999999999968,262,15.779999999999999,2759.4699999999998,GT,provisional_assumed_short_to_long,0
19.42,97.999999999978684,167.99999999999289,50.000000000007105,122,115.00000000000711,130.99999999997868,120.00000000000711,262,15.779999999999999,2759.46,GT,provisional_assumed_short_to_long,0
19.43,96.00000000001279,167.00000000000639,50.999999999993605,122.99999999999361,115,130.00000000000639,120,262.99999999999363,15.779999999999999,2759.4700000000021,GT,provisional_assumed_short_to_long,0
19.44,96.999999999994671,167,50.000000000005329,123,115,130,120.99999999999467,263.99999999999466,15.779999999999999,2759.970000000003,GT,provisional_assumed_short_to_long,0
19.45,97.999999999995381,166.0000000000046,50,123,116.99999999999076,129.0000000000046,118.00000000001386,263.0000000000046,15.779999999999999,2760.4699999999998,GT,provisional_assumed_short_to_long,0
19.46,93.000000000017764,168.99999999998934,50.999999999996447,123.99999999999645,117,129.99999999999645,120.99999999998934,263.99999999999648,15.779999999999999,2760.4699999999998,GT,provisional_assumed_short_to_long,0
19.47,93.999999999997158,168.00000000000284,51,124,117,129.00000000000284,121.99999999999716,264,15.779999999999999,2760.4699999999998,GT,provisional_assumed_short_to_long,0
19.48,94,166.00000000000355,51,124,117,129.99999999999824,120.00000000000355,264,15.779999999999999,2760.4699999999998,GT,provisional_assumed_short_to_long,0
19.49,94.999999999999289,166.99999999999929,51,124,117,130.99999999999929,120.99999999999929,264,15.809999999999979,2756.4000000000028,GT,provisional_assumed_short_to_long,0
19.50,95,167,51,124,117,130,124,263,15.83,2761.3400000000001,GT,provisional_assumed_short_to_long,0
19.51,93.000000000001066,168.99999999999892,51,124,116.99999999999893,130,127.99999999999787,263.99999999999892,15.83,2762.3400000000011,GT,provisional_assumed_short_to_long,0
19.52,93.999999999998224,168,51,124,116,129.99999999999645,126,263.00000000000176,15.83,2763.3399999999983,GT,provisional_assumed_short_to_long,0
19.53,92.999999999994316,167.99999999999432,51,124,116.00000000000284,128.00000000000568,125.99999999999716,264,15.830000000000028,2762.3399999999974,GT,provisional_assumed_short_to_long,0
19.54,91.000000000015632,166.00000000001563,51,124,116.99999999999218,129.99999999998437,125.00000000000782,264,15.84,2761.3200000000002,GT,provisional_assumed_short_to_long,0
19.55,94.999999999972999,167.9999999999865,51,123.00000000000675,116.00000000000675,130.99999999999324,126.9999999999865,264,15.84,2761.3200000000047,GT,provisional_assumed_short_to_long,0
19.56,95,167.00000000000603,51,123,116.99999999999396,128.00000000001813,126.00000000000604,264,15.83999999999984,2762.3199999998938,GT,provisional_assumed_short_to_long,0
19.57,95,166.00000000000497,51,123,117,131.9999999999801,125.00000000000497,264,15.809999999999969,2742.3499999999935,GT,provisional_assumed_short_to_long,0
19.58,87.000000000031264,167.99999999999218,50.000000000003908,123,117,131.00000000000392,126.99999999999218,264,15.804999999999993,2741.3549999999982,GT,provisional_assumed_short_to_long,0
19.59,87.999999999996803,168,50.999999999996803,123.9999999999968,116.0000000000032,137.9999999999776,126.0000000000032,264,15.800000000000017,2740.3600000000033,GT,provisional_assumed_short_to_long,0
19.60,92.999999999989342,168,51,124,116,137.00000000000213,122.00000000000853,264,15.800000000000001,2741.3699999999976,GT,provisional_assumed_short_to_long,0
19.61,91.000000000002842,168,50.000000000001421,124,116.99999999999858,135.00000000000284,126.99999999999289,264,15.800000000000001,2739.3700000000026,GT,provisional_assumed_short_to_long,0
19.62,92.999999999999289,168,50.999999999999645,124,117,136.99999999999929,127.99999999999964,264,15.809999999999997,2740.3699999999994,GT,provisional_assumed_short_to_long,0
19.63,90.000000000001776,168.99999999999963,51,124,116,135.99999999999821,126.00000000000036,264,15.800000000000001,2740.3800000000001,GT,provisional_assumed_short_to_long,0
19.64,94.999999999998579,168.00000000000142,51,124,116.00000000000142,131.00000000000284,127.00000000000284,264,15.800000000000001,2739.8799999999992,GT,provisional_assumed_short_to_long,0
19.65,94,168.9999999999975,51,124,117,133.0000000000025,128.99999999999005,264,15.799999999999976,2739.3799999999678,GT,provisional_assumed_short_to_long,0
19.66,93.999999999996803,168,51,124,116.99999999999841,134,125.0000000000032,264,15.789999999999967,2726.4000000000128,GT,provisional_assumed_short_to_long,0
19.67,93.000000000001421,168,51,124,116.50000000000071,134,125.99999999999858,264,15.779999999999957,2730.4300000000044,GT,provisional_assumed_short_to_long,0
19.68,92.000000000006395,168,51,124,116.0000000000032,134,126.99999999999361,264,15.76999999999995,2731.4500000000098,GT,provisional_assumed_short_to_long,0
19.69,94.999999999984013,168,51,124,116,134.99999999999466,127,265.99999999998931,15.76,2733.4600000000059,GT,provisional_assumed_short_to_long,0
19.70,97.999999999986144,168.9999999999954,51,124.99999999999538,116.99999999999538,134.0000000000046,127.99999999999538,265.0000000000046,15.76,2734.4599999999969,GT,provisional_assumed_short_to_long,0
19.71,94.000000000014211,167.00000000000711,51,125,116.00000000000355,134,129.99999999999289,265,15.76,2733.9649999999988,GT,provisional_assumed_short_to_long,0
19.72,96.999999999991473,167.99999999999716,51,125,116,136.99999999999147,130,266.99999999999432,15.76,2733.4700000000012,GT,provisional_assumed_short_to_long,0
19.73,97.999999999998224,168,51.999999999998224,125,116,136.00000000000176,126.00000000000711,267,15.76,2734.4599999999982,GT,provisional_assumed_short_to_long,0
19.74,98,168.99999999999929,51.000000000000711,125,116,136.99999999999929,129.99999999999716,266.00000000000068,15.750000000000007,2738.4699999999971,GT,provisional_assumed_short_to_long,0
19.75,96,167,51,125,116,135,129,266,15.76,2744.4699999999998,GT,provisional_assumed_short_to_long,0
19.76,96.999999999997868,168,51.999999999998934,125,116,135.99999999999892,130.99999999999679,265.99999999999892,15.759999999999994,2746.4700000000003,GT,provisional_assumed_short_to_long,0
19.77,94.999999999998224,168,51,124.99999999999822,116,134.99999999999821,128,265.00000000000176,15.754999999999992,2746.9750000000008,GT,provisional_assumed_short_to_long,0
19.78,94.000000000002842,167.99999999999432,51,124,116,134,128.00000000000853,266,15.75,2747.4800000000027,GT,provisional_assumed_short_to_long,0
19.79,94.999999999992184,166.00000000001563,51,124,116,134,130.99999999997655,266,15.75,2748.4799999999964,GT,provisional_assumed_short_to_long,0
19.80,94.00000000000675,166.99999999999324,51,124,115.00000000000675,134.99999999999324,126.00000000003375,265.00000000000676,15.749999999999954,2747.4899999999998,GT,provisional_assumed_short_to_long,0
19.81,94,166.00000000000603,51,123.00000000000604,115,135,128.99999999998187,265,15.740000000000054,2747.4900000000212,GT,provisional_assumed_short_to_long,0
19.82,90.000000000019895,167.99999999999005,51,123,115,135.99999999999503,129,265,15.75,2751.4800000000191,GT,provisional_assumed_short_to_long,0
19.83,92.999999999988276,168,51,122.00000000000391,114.00000000000391,136,129,264.00000000000392,15.75,2754.4900000000221,GT,provisional_assumed_short_to_long,0
19.84,91.000000000006395,166.00000000000639,51,122,114,136,127.00000000000639,264,15.75,2757.4900000000071,GT,provisional_assumed_short_to_long,0
19.85,88.000000000006395,166.99999999999787,51,122.99999999999787,114.99999999999787,135.00000000000213,128.99999999999574,264.99999999999784,15.75,2760.4899999999934,GT,provisional_assumed_short_to_long,0
19.86,88,167.99999999999858,51,123,115,135.99999999999858,129,264.00000000000142,15.75,2761.4899999999984,GT,provisional_assumed_short_to_long,0
19.87,86.000000000000711,168,51,123,115,136.99999999999966,128.00000000000034,264,15.75,2762.4999999999995,GT,provisional_assumed_short_to_long,0
19.88,87.000000000000711,170.99999999999963,51.000000000000355,124,115.00000000000036,136.99999999999963,125,264.00000000000074,15.749999999999996,2761.5000000000014,GT,provisional_assumed_short_to_long,0
19.89,88.999999999998579,170.00000000000142,51.999999999998579,124,116,136.00000000000284,125.00000000000142,266,15.74,2765.5100000000002,GT,provisional_assumed_short_to_long,0
19.90,87.999999999995026,170.9999999999975,51,124,116,138.00000000000497,126.00000000000249,265.9999999999975,15.74,2765.5050000000001,GT,provisional_assumed_short_to_long,0
19.91,86.000000000006395,170,51,124,116,139.99999999999361,127.00000000001279,265.00000000000318,15.740000000000032,2765.5000000000064,GT,provisional_assumed_short_to_long,0
19.92,87.999999999985789,170,51,124,116,138.00000000001421,130.99999999997158,265.99999999999289,15.75,2767.5000000000041,GT,provisional_assumed_short_to_long,0
19.93,88.999999999993605,169.00000000000639,51,124,115.00000000000639,136.00000000001279,130.00000000000639,264.00000000001279,15.74999999999995,2768.500000000005,GT,provisional_assumed_short_to_long,0
19.94,84.000000000026645,169,51,124,115.99999999999467,137.99999999998934,130,264.99999999999466,15.74,2769.5099999999943,GT,provisional_assumed_short_to_long,0
19.95,82.000000000009237,168.0000000000046,51,124,116,138,129.0000000000046,265,15.74,2768.5100000000002,GT,provisional_assumed_short_to_long,0
19.96,88.999999999975131,167.00000000000355,51,124,116,138,129,265.99999999999648,15.74,2768.510000000012,GT,provisional_assumed_short_to_long,0
19.97,89.999999999997158,168.99999999999432,51.999999999997158,124,116,138.99999999999716,129.99999999999716,266,15.74,2770.0100000000043,GT,provisional_assumed_short_to_long,0
19.98,91.999999999996447,168.00000000000176,51.000000000001776,124,116,137.00000000000355,129.00000000000176,265.00000000000176,15.74,2771.5099999999975,GT,provisional_assumed_short_to_long,0
19.99,91.000000000000711,167.00000000000071,51,124,116,136.00000000000071,128.00000000000071,264.00000000000068,15.74,2770.5100000000011,GT,provisional_assumed_short_to_long,0
20.00,90,169,52,124,116,137,129,265,15.73,2755.5100000000002,GT,provisional_assumed_short_to_long,0
20.01,92.999999999998934,168.99999999999787,51,124,115.00000000000213,137,127,265.99999999999784,15.720000000000001,2753.5099999999993,GT,provisional_assumed_short_to_long,0
20.02,91.999999999999119,167.00000000000176,51,124,116.99999999999912,137,127,264.00000000000091,15.720000000000001,2752.5199999999982,GT,provisional_assumed_short_to_long,0
20.03,91.500000000001421,167.99999999999716,51,124,116.50000000000142,137,127,264.49999999999858,15.720000000000001,2751.52,GT,provisional_assumed_short_to_long,0
20.04,91.000000000003908,168.99999999999218,51,124,116.00000000000391,137,127,264.99999999999608,15.720000000000001,2751.52,GT,provisional_assumed_short_to_long,0
20.05,91,167.0000000000135,51,124,116,131.0000000000405,128.9999999999865,265.99999999999324,15.720000000000001,2751.5200000000045,GT,provisional_assumed_short_to_long,0
20.06,91.99999999999396,169.99999999998187,51.99999999999396,124,116,136.99999999996376,129,266.99999999999397,15.720000000000054,2752.5199999999945,GT,provisional_assumed_short_to_long,0
20.07,92.999999999995026,168.00000000000995,51.000000000004974,124,116,135.00000000000995,129,266.000000000005,15.729999999999936,2751.5200000000127,GT,provisional_assumed_short_to_long,0
20.08,92.000000000003908,168,51,124,116,132.00000000001171,129,266.99999999999608,15.720000000000001,2753.520000000015,GT,provisional_assumed_short_to_long,0
20.09,91.000000000003197,168.99999999999682,51.999999999996803,124,116,135.99999999998721,127.00000000000639,266.00000000000318,15.720000000000001,2755.5199999999936,GT,provisional_assumed_short_to_long,0
20.10,90.000000000002132,169.99999999999787,51.000000000002132,124,116,134.00000000000426,128.99999999999574,266,15.729999999999979,2756.5199999999977,GT,provisional_assumed_short_to_long,0
20.11,89.000000000001421,170,51,124,116,135.99999999999716,129,266.99999999999858,15.73,2758.0199999999977,GT,provisional_assumed_short_to_long,0
20.12,92.999999999998579,170,51,124,116,136.99999999999966,129.99999999999966,267,15.73,2759.5199999999995,GT,provisional_assumed_short_to_long,0
20.13,92.999999999999289,170.99999999999892,51,125,116,136.99999999999963,128.00000000000071,267.00000000000034,15.73,2757.5200000000004,GT,provisional_assumed_short_to_long,0
20.14,91.000000000001421,168.00000000000142,51,125,116.00000000000142,136.00000000000142,130.00000000000142,267.99999999999858,15.73,2758.5200000000027,GT,provisional_assumed_short_to_long,0
20.15,92.000000000002487,168.99999999999503,51,125,117,137,130.99999999999503,267.0000000000025,15.730000000000025,2760.52,GT,provisional_assumed_short_to_long,0
20.16,92.999999999996803,167.00000000000958,51.000000000003197,125.0000000000032,117,137,128.99999999999682,268,15.739999999999984,2760.5099999999989,GT,provisional_assumed_short_to_long,0
20.17,92.000000000007105,169.99999999997868,51.999999999992895,125.99999999999289,117,137,128.00000000000711,268,15.734999999999978,2760.0149999999981,GT,provisional_assumed_short_to_long,0
20.18,92.999999999993605,168.00000000001279,51.000000000006395,126,116.00000000000639,137,129.99999999998721,268,15.73000000000005,2759.520000000035,GT,provisional_assumed_short_to_long,0
20.19,93.999999999994671,167.00000000000534,51,126.99999999999467,116.99999999999467,139.99999999998403,128.00000000001066,268.99999999999466,15.74,2766.5200000000182,GT,provisional_assumed_short_to_long,0
20.20,92.000000000009237,167.9999999999954,51,127,117,138.00000000000924,129.99999999999076,269,15.74,2769.5199999999932,GT,provisional_assumed_short_to_long,0
20.21,92.999999999996447,169.99999999999289,51,127,117,135.00000000001066,131.99999999999289,269.99999999999648,15.74,2768.5200000000154,GT,provisional_assumed_short_to_long,0
20.22,92.000000000002842,170,51.999999999997158,127,117,140.99999999998295,127.00000000001421,270,15.74,2770.5199999999941,GT,provisional_assumed_short_to_long,0
